1.029599999999999849e+00 1.602627251101598205e+00
1.030599999999999739e+00 1.609258326293429242e+00
1.031599999999999628e+00 1.615583402337122720e+00
1.032599999999999518e+00 1.621598220125393119e+00
1.033599999999999408e+00 1.627298116574369402e+00
1.034599999999999298e+00 1.632677976185337165e+00
1.035599999999999188e+00 1.637732177763356667e+00
1.036599999999999078e+00 1.642454536146916055e+00
1.037599999999998968e+00 1.646838238971922053e+00
1.038599999999998857e+00 1.650875778761225376e+00
1.039599999999998747e+00 1.654558881043860730e+00
1.040599999999998637e+00 1.657878429831900924e+00
1.041599999999998527e+00 1.660824392716070186e+00
1.042599999999998417e+00 1.663385749223779797e+00
1.043599999999998307e+00 1.665550428128216076e+00
1.044599999999998197e+00 1.669036065382051071e+00
1.045599999999998087e+00 1.675076084162052226e+00
1.046599999999997976e+00 1.680973734364867411e+00
1.047599999999997866e+00 1.686731824050501594e+00
1.048599999999997756e+00 1.692353033051482214e+00
1.049599999999997646e+00 1.697839863258844062e+00
1.050599999999997536e+00 1.703194303776758289e+00
1.051599999999997426e+00 1.708417829629825135e+00
1.052599999999997316e+00 1.713511582033944158e+00
1.053599999999997205e+00 1.718476328679689580e+00
1.054599999999997095e+00 1.723312414512386148e+00
1.055599999999996985e+00 1.728019708809005905e+00
1.056599999999996875e+00 1.732597548084696903e+00
1.057599999999996765e+00 1.737044673872458311e+00
1.058599999999996655e+00 1.741866201815015280e+00
1.059599999999996545e+00 1.746853137139213530e+00
1.060599999999996434e+00 1.751732239927247470e+00
1.061599999999996324e+00 1.760411112607952688e+00
1.062599999999996214e+00 1.753554557352194898e+00
1.063599999999996104e+00 1.751099759812718482e+00
1.064599999999995994e+00 1.747964572869674882e+00
1.065599999999995884e+00 1.744119694143325461e+00
1.066599999999995774e+00 1.739568839137558776e+00
1.067599999999995664e+00 1.734384935353300072e+00
1.068599999999995553e+00 1.728779784610432024e+00
1.069599999999995443e+00 1.723241010899467796e+00
1.070599999999995333e+00 1.718802619290366707e+00
1.071599999999995223e+00 1.717590074776202513e+00
1.072599999999995113e+00 1.723945428381864708e+00
1.073599999999995003e+00 1.743034687736138455e+00
1.074599999999994893e+00 1.767265197388498077e+00
1.075599999999994782e+00 1.755764777671838583e+00
1.076599999999994672e+00 1.849763442104355393e+00
1.077599999999994562e+00 1.914064123430070152e+00
1.078599999999994452e+00 1.839922755989289893e+00
1.079599999999994342e+00 1.843004626691627124e+00
1.080599999999994232e+00 1.840976615825619334e+00
1.081599999999994122e+00 1.912562528085325120e+00
1.082599999999994012e+00 1.918905297274729804e+00
1.083599999999993901e+00 1.929428183405486497e+00
1.084599999999993791e+00 1.942509503071110588e+00
1.085599999999993681e+00 1.939963104762228996e+00
1.086599999999993571e+00 1.927898725561295379e+00
1.087599999999993461e+00 1.926915273454824717e+00
1.088599999999993351e+00 1.954114901128367610e+00
1.089599999999993241e+00 2.043787589477122246e+00
1.090599999999993130e+00 2.098307801876005740e+00
1.091599999999993020e+00 2.156029043402002188e+00
1.092599999999992910e+00 2.195788928475572277e+00
1.093599999999992800e+00 2.208974608164801623e+00
1.094599999999992690e+00 2.222001345215890211e+00
1.095599999999992580e+00 2.233378995571607462e+00
1.096599999999992470e+00 2.236864476696304393e+00
1.097599999999992360e+00 2.238558455301296490e+00
1.098599999999992249e+00 2.238203022353225435e+00
1.099599999999992139e+00 2.236835845357212804e+00
1.100599999999992029e+00 2.233507464351649929e+00
1.101599999999991919e+00 2.228425922061060049e+00
1.102599999999991809e+00 2.221143281620790333e+00
1.103599999999991699e+00 2.211418755827995852e+00
1.104599999999991589e+00 2.199646512287266376e+00
1.105599999999991478e+00 2.188497597146884743e+00
1.106599999999991368e+00 2.178832980660207141e+00
1.107599999999991258e+00 2.170270270794780743e+00
1.108599999999991148e+00 2.162081657912874988e+00
1.109599999999991038e+00 2.153809520246348086e+00
1.110599999999990928e+00 2.145042452103895769e+00
1.111599999999990818e+00 2.136644141682596754e+00
1.112599999999990708e+00 2.128839347260475634e+00
1.113599999999990597e+00 2.120818391162092809e+00
1.114599999999990487e+00 2.110121664582548462e+00
1.115599999999990377e+00 2.098259639105361174e+00
1.116599999999990267e+00 2.085158657646443814e+00
1.117599999999990157e+00 2.073744103994812349e+00
1.118599999999990047e+00 2.061287251016553412e+00
1.119599999999989937e+00 2.047296792047642811e+00
1.120599999999989826e+00 2.031607832080293718e+00
1.121599999999989716e+00 2.014088775787925556e+00
1.122599999999989606e+00 1.994751155531520936e+00
1.123599999999989496e+00 1.965951371883806864e+00
1.124599999999989386e+00 1.955758886239010508e+00
1.125599999999989276e+00 1.945975870856059942e+00
1.126599999999989166e+00 1.938964489654585677e+00
1.127599999999989056e+00 1.935530500878189564e+00
1.128599999999988945e+00 1.932527486052445731e+00
1.129599999999988835e+00 1.929869718143630841e+00
1.130599999999988725e+00 1.925579517957387132e+00
1.131599999999988615e+00 1.922265907725446699e+00
1.132599999999988505e+00 1.920632417405137904e+00
1.133599999999988395e+00 1.920861128341969870e+00
1.134599999999988285e+00 1.921366488401442529e+00
1.135599999999988174e+00 1.921994535638341217e+00
1.136599999999988064e+00 1.922672856404374908e+00
1.137599999999987954e+00 1.923314661097458966e+00
1.138599999999987844e+00 1.923707274121475796e+00
1.139599999999987734e+00 1.924228908750789557e+00
1.140599999999987624e+00 1.914218511884311802e+00
1.141599999999987514e+00 1.916933361181509365e+00
1.142599999999987403e+00 1.918298251893495676e+00
1.143599999999987293e+00 1.919568296993598100e+00
1.144599999999987183e+00 1.922150249106408193e+00
1.145599999999987073e+00 1.923807261459714812e+00
1.146599999999986963e+00 1.928283348597630953e+00
1.147599999999986853e+00 1.923044290435721670e+00
1.148599999999986743e+00 1.922042390100556331e+00
1.149599999999986633e+00 1.925335160026801162e+00
1.150599999999986522e+00 1.927825616026864308e+00
1.151599999999986412e+00 1.929971272455330622e+00
1.152599999999986302e+00 1.931830764535321210e+00
1.153599999999986192e+00 1.926126178164219827e+00
1.154599999999986082e+00 1.923274762806011395e+00
1.155599999999985972e+00 1.927927998706717272e+00
1.156599999999985862e+00 1.934764943787480096e+00
1.157599999999985751e+00 1.941580981631434888e+00
1.158599999999985641e+00 1.947806862688311824e+00
1.159599999999985531e+00 1.953714728838981340e+00
1.160599999999985421e+00 1.954239084670807536e+00
1.161599999999985311e+00 1.958053168877130545e+00
1.162599999999985201e+00 1.962153548563995820e+00
1.163599999999985091e+00 1.966556080407490192e+00
1.164599999999984981e+00 1.971067415442432136e+00
1.165599999999984870e+00 1.975356932171276725e+00
1.166599999999984760e+00 1.980060941762769033e+00
1.167599999999984650e+00 1.985288416642283948e+00
1.168599999999984540e+00 1.990913760068623084e+00
1.169599999999984430e+00 1.997124584374418532e+00
1.170599999999984320e+00 2.003750722744509716e+00
1.171599999999984210e+00 2.010897035465927019e+00
1.172599999999984099e+00 2.018547362265543654e+00
1.173599999999983989e+00 2.026225038811245938e+00
1.174599999999983879e+00 2.032719273667188631e+00
1.175599999999983769e+00 2.038016859651481383e+00
1.176599999999983659e+00 2.042169365311393037e+00
1.177599999999983549e+00 2.045327957996942558e+00
1.178599999999983439e+00 2.047461553105393683e+00
1.179599999999983329e+00 2.049194283979554498e+00
1.180599999999983218e+00 2.050994360072788680e+00
1.181599999999983108e+00 2.052849591918251448e+00
1.182599999999982998e+00 2.054868011079206802e+00
1.183599999999982888e+00 2.057104842495149022e+00
1.184599999999982778e+00 2.059578388903210211e+00
1.185599999999982668e+00 2.062210147185840725e+00
1.186599999999982558e+00 2.065033732447184356e+00
1.187599999999982447e+00 2.068040875076992080e+00
1.188599999999982337e+00 2.071201775863208638e+00
1.189599999999982227e+00 2.074516942625512783e+00
1.190599999999982117e+00 2.077974206751554753e+00
1.191599999999982007e+00 2.081560520323732177e+00
1.192599999999981897e+00 2.085158078876733434e+00
1.193599999999981787e+00 2.088953755079475449e+00
1.194599999999981677e+00 2.092974923660250397e+00
1.195599999999981566e+00 2.097660675713331813e+00
1.196599999999981456e+00 2.102852082420284319e+00
1.197599999999981346e+00 2.108108677239633799e+00
1.198599999999981236e+00 2.113408399836881557e+00
1.199599999999981126e+00 2.118684844405561485e+00
1.200599999999981016e+00 2.123786419076208354e+00
1.201599999999980906e+00 2.128355362013613306e+00
1.202599999999980795e+00 2.132228050432707356e+00
1.203599999999980685e+00 2.136442041309316142e+00
1.204599999999980575e+00 2.141114554007583326e+00
1.205599999999980465e+00 2.146323056844773536e+00
1.206599999999980355e+00 2.152120520173871565e+00
1.207599999999980245e+00 2.158539770983054940e+00
1.208599999999980135e+00 2.165589436266315726e+00
1.209599999999980025e+00 2.173248428680944588e+00
1.210599999999979914e+00 2.181465041543743766e+00
1.211599999999979804e+00 2.190163119637432487e+00
1.212599999999979694e+00 2.199253232961929427e+00
1.213599999999979584e+00 2.208644515670028063e+00
1.214599999999979474e+00 2.218217466260468562e+00
1.215599999999979364e+00 2.227905506549019421e+00
1.216599999999979254e+00 2.237698683530656929e+00
1.217599999999979143e+00 2.247553276279303347e+00
1.218599999999979033e+00 2.257434321977058289e+00
1.219599999999978923e+00 2.267315444829191229e+00
1.220599999999978813e+00 2.277145494883654919e+00
1.221599999999978703e+00 2.286839390707883446e+00
1.222599999999978593e+00 2.296528080814953299e+00
1.223599999999978483e+00 2.303823317481460187e+00
1.224599999999978373e+00 2.311134452308043485e+00
1.225599999999978262e+00 2.318455924711202876e+00
1.226599999999978152e+00 2.325781760119800090e+00
1.227599999999978042e+00 2.333105737670019941e+00
1.228599999999977932e+00 2.340421567918188117e+00
1.229599999999977822e+00 2.347723001298406054e+00
1.230599999999977712e+00 2.357320039678089785e+00
1.231599999999977602e+00 2.367339389949258965e+00
1.232599999999977491e+00 2.377120629738956659e+00
1.233599999999977381e+00 2.386619999538275749e+00
1.234599999999977271e+00 2.395809594973519197e+00
1.235599999999977161e+00 2.404667609573482245e+00
1.236599999999977051e+00 2.413171547053376109e+00
1.237599999999976941e+00 2.421329066699801302e+00
1.238599999999976831e+00 2.429156224503549844e+00
1.239599999999976720e+00 2.436640634881015011e+00
1.240599999999976610e+00 2.443786487263397866e+00
1.241599999999976500e+00 2.450600679474628230e+00
1.242599999999976390e+00 2.457190467702528913e+00
1.243599999999976280e+00 2.462943483570698255e+00
1.244599999999976170e+00 2.467710109823384457e+00
1.245599999999976060e+00 2.471628726041211976e+00
1.246599999999975950e+00 2.474986344095498225e+00
1.247599999999975839e+00 2.480031323181961511e+00
1.248599999999975729e+00 2.485259020179508838e+00
1.249599999999975619e+00 2.492095812533472454e+00
1.250599999999975509e+00 2.499416520110746553e+00
1.251599999999975399e+00 2.506784417196750603e+00
1.252599999999975289e+00 2.504224905935665824e+00
1.253599999999975179e+00 2.508362734364416369e+00
1.254599999999975068e+00 2.513966565937129083e+00
1.255599999999974958e+00 2.523517717759796497e+00
1.256599999999974848e+00 2.534286634436034191e+00
1.257599999999974738e+00 2.532792372214426102e+00
1.258599999999974628e+00 2.521741425225227040e+00
1.259599999999974518e+00 2.508225149800230369e+00
1.260599999999974408e+00 2.434936492988692525e+00
1.261599999999974298e+00 2.422745345073548773e+00
1.262599999999974187e+00 2.411193086650611939e+00
1.263599999999974077e+00 2.400483331121750386e+00
1.264599999999973967e+00 2.390020075711844605e+00
1.265599999999973857e+00 2.380066090314947758e+00
1.266599999999973747e+00 2.371373790566733142e+00
1.267599999999973637e+00 2.363746301249140203e+00
1.268599999999973527e+00 2.357017819873174158e+00
1.269599999999973416e+00 2.351050469247660146e+00
1.270599999999973306e+00 2.345730182811342157e+00
1.271599999999973196e+00 2.340962676213800719e+00
1.272599999999973086e+00 2.336246549461846289e+00
1.273599999999972976e+00 2.331811761317322151e+00
1.274599999999972866e+00 2.327644211427963850e+00
1.275599999999972756e+00 2.323720517001744312e+00
1.276599999999972646e+00 2.320019714400172184e+00
1.277599999999972535e+00 2.316523008002036477e+00
1.278599999999972425e+00 2.313213536898810041e+00
1.279599999999972315e+00 2.310260137038670614e+00
1.280599999999972205e+00 2.307603413868324793e+00
1.281599999999972095e+00 2.305089987050786604e+00
1.282599999999971985e+00 2.302607776173424270e+00
1.283599999999971875e+00 2.300885164721274023e+00
1.284599999999971764e+00 2.299915516489583922e+00
1.285599999999971654e+00 2.299011376482707814e+00
1.286599999999971544e+00 2.298179579860310184e+00
1.287599999999971434e+00 2.297412006066696044e+00
1.288599999999971324e+00 2.296701921822299930e+00
1.289599999999971214e+00 2.296043694331258322e+00
1.290599999999971104e+00 2.295432571152334678e+00
1.291599999999970994e+00 2.294864509595774038e+00
1.292599999999970883e+00 2.294336043303284445e+00
1.293599999999970773e+00 2.293844177020328168e+00
1.294599999999970663e+00 2.293386302941841315e+00
1.295599999999970553e+00 2.292960133709941228e+00
1.296599999999970443e+00 2.292563648349137395e+00
1.297599999999970333e+00 2.292194686089918054e+00
1.298599999999970223e+00 2.291850018276555989e+00
1.299599999999970112e+00 2.291526365718790537e+00
1.300599999999970002e+00 2.291220658306803326e+00
1.301599999999969892e+00 2.290930008208364121e+00
1.302599999999969782e+00 2.290651687536764403e+00
1.303599999999969672e+00 2.290383109644521298e+00
1.304599999999969562e+00 2.290121813375528781e+00
1.305599999999969452e+00 2.289865449745679182e+00
1.306599999999969342e+00 2.289611770627912879e+00
1.307599999999969231e+00 2.289358619100548164e+00
1.308599999999969121e+00 2.289103921182817469e+00
1.309599999999969011e+00 2.288845678732747579e+00
1.310599999999968901e+00 2.288581963323348401e+00
1.311599999999968791e+00 2.288310910945737131e+00
1.312599999999968681e+00 2.288030717413811033e+00
1.313599999999968571e+00 2.287739634366369845e+00
1.314599999999968460e+00 2.287435965779701874e+00
1.315599999999968350e+00 2.287118064917586402e+00
1.316599999999968240e+00 2.286784331657131020e+00
1.317599999999968130e+00 2.286433210138504535e+00
1.318599999999968020e+00 2.286063186694150762e+00
1.319599999999967910e+00 2.285672788019742718e+00
1.320599999999967800e+00 2.285260579554586169e+00
1.321599999999967689e+00 2.284825164043697843e+00
1.322599999999967579e+00 2.284365180257553529e+00
1.323599999999967469e+00 2.283879301848860788e+00
1.324599999999967359e+00 2.283366236328388421e+00
1.325599999999967249e+00 2.282824724144355777e+00
1.326599999999967139e+00 2.282253537851678615e+00
1.327599999999967029e+00 2.281651481359370681e+00
1.328599999999966919e+00 2.281017389245695526e+00
1.329599999999966808e+00 2.280350126132036692e+00
1.330599999999966698e+00 2.279648586107608565e+00
1.331599999999966588e+00 2.278911692198016592e+00
1.332599999999966478e+00 2.278138395871656563e+00
1.333599999999966368e+00 2.277327676578543958e+00
1.334599999999966258e+00 2.276478541317012994e+00
1.335599999999966148e+00 2.275590024224108276e+00
1.336599999999966037e+00 2.274661186186156314e+00
1.337599999999965927e+00 2.273691114466392271e+00
1.338599999999965817e+00 2.272678922346895725e+00
1.339599999999965707e+00 2.271623763082025071e+00
