1.029599999999999849e+00 2.891027164554942352e+00
1.030599999999999739e+00 2.900886963294854404e+00
1.031599999999999628e+00 2.910761154195026457e+00
1.032599999999999518e+00 2.920649741897428875e+00
1.033599999999999408e+00 2.930552723363945233e+00
1.034599999999999298e+00 2.940470087518786357e+00
1.035599999999999188e+00 2.950401814881410623e+00
1.036599999999999078e+00 2.960347877190200094e+00
1.037599999999998968e+00 2.970308237017464492e+00
1.038599999999998857e+00 2.980282847376508393e+00
1.039599999999998747e+00 2.990271651321403823e+00
1.040599999999998637e+00 3.000274581540575802e+00
1.041599999999998527e+00 3.010291559945335926e+00
1.042599999999998417e+00 3.020322497254741556e+00
1.043599999999998307e+00 3.030367292578412197e+00
1.044599999999998197e+00 3.040425832999437361e+00
1.045599999999998087e+00 3.050497993159502208e+00
1.046599999999997976e+00 3.060583634849055379e+00
1.047599999999997866e+00 3.070682606605690701e+00
1.048599999999997756e+00 3.080794743324463347e+00
1.049599999999997646e+00 3.090919850494250554e+00
1.050599999999997536e+00 3.101057485822588333e+00
1.051599999999997426e+00 3.111207000449898175e+00
1.052599999999997316e+00 3.121367706588194402e+00
1.053599999999997205e+00 3.131538880684361814e+00
1.054599999999997095e+00 3.141719761938944089e+00
1.055599999999996985e+00 3.151909550674705685e+00
1.056599999999996875e+00 3.162107406534967247e+00
1.057599999999996765e+00 3.172312446489932825e+00
1.058599999999996655e+00 3.182523742625983587e+00
1.059599999999996545e+00 3.192740319690609674e+00
1.060599999999996434e+00 3.202961152362206576e+00
1.061599999999996324e+00 3.213185162210943524e+00
1.062599999999996214e+00 3.223411214312935869e+00
1.063599999999996104e+00 3.233638113476213327e+00
1.064599999999995994e+00 3.243864600033001366e+00
1.065599999999995884e+00 3.254089345148409862e+00
1.066599999999995774e+00 3.264310945591431867e+00
1.067599999999995664e+00 3.274527918838815665e+00
1.068599999999995553e+00 3.284738896694763710e+00
1.069599999999995443e+00 3.294942892273490465e+00
1.070599999999995333e+00 3.305138938526186898e+00
1.071599999999995223e+00 3.315326026738918408e+00
1.072599999999995113e+00 3.325503102876111505e+00
1.073599999999995003e+00 3.335669063552361813e+00
1.074599999999994893e+00 3.345822751616321256e+00
1.075599999999994782e+00 3.355962951342730705e+00
1.076599999999994672e+00 3.366088383248868610e+00
1.077599999999994562e+00 3.376197698584375573e+00
1.078599999999994452e+00 3.386289473593596000e+00
1.079599999999994342e+00 3.396362203725860063e+00
1.080599999999994232e+00 3.406414298084602166e+00
1.081599999999994122e+00 3.416444074576388878e+00
1.082599999999994012e+00 3.426449756473647135e+00
1.083599999999993901e+00 3.436429471474051311e+00
1.084599999999993791e+00 3.446381254877119993e+00
1.085599999999993681e+00 3.456303059275167122e+00
1.086599999999993571e+00 3.466192774267666366e+00
1.087599999999993461e+00 3.476048261280944018e+00
1.088599999999993351e+00 3.485867410765173702e+00
1.089599999999993241e+00 3.495648232016987933e+00
1.090599999999993130e+00 3.505388989776479391e+00
1.091599999999993020e+00 3.515088406561449830e+00
1.092599999999992910e+00 3.524736966546271333e+00
1.093599999999992800e+00 3.534224358999972893e+00
1.094599999999992690e+00 3.543686913141174344e+00
1.095599999999992580e+00 3.553114568724966560e+00
1.096599999999992470e+00 3.562521027852840305e+00
1.097599999999992360e+00 3.571925038888240422e+00
1.098599999999992249e+00 3.581351013408557549e+00
1.099599999999992139e+00 3.590828998282310280e+00
1.100599999999992029e+00 3.600393411968820345e+00
1.101599999999991919e+00 3.610079802433276086e+00
1.102599999999991809e+00 3.619919576800594285e+00
1.103599999999991699e+00 3.629928736809450385e+00
1.104599999999991589e+00 3.640097113607678736e+00
1.105599999999991478e+00 3.647992251681564824e+00
1.106599999999991368e+00 3.655424308953207913e+00
1.107599999999991258e+00 3.662537302721553090e+00
1.108599999999991148e+00 3.668699334357498287e+00
1.109599999999991038e+00 3.674529699715368913e+00
1.110599999999990928e+00 3.679534784311368156e+00
1.111599999999990818e+00 3.683650954886568130e+00
1.112599999999990708e+00 3.688094663990037603e+00
1.113599999999990597e+00 3.692796624585128917e+00
1.114599999999990487e+00 3.697703869447156677e+00
1.115599999999990377e+00 3.702775315795600264e+00
1.116599999999990267e+00 3.707978473579471412e+00
1.117599999999990157e+00 3.716360302255431236e+00
1.118599999999990047e+00 3.725693732515145129e+00
1.119599999999989937e+00 3.735172162213177494e+00
1.120599999999989826e+00 3.744781619948816420e+00
1.121599999999989716e+00 3.754491637017024264e+00
1.122599999999989606e+00 3.764362691199961031e+00
1.123599999999989496e+00 3.774677288576666179e+00
1.124599999999989386e+00 3.785222496656043489e+00
1.125599999999989276e+00 3.795995963211626911e+00
1.126599999999989166e+00 3.804558317632871223e+00
1.127599999999989056e+00 3.808933065857405431e+00
1.128599999999988945e+00 3.813931185927362133e+00
1.129599999999988835e+00 3.818881188754449596e+00
1.130599999999988725e+00 3.823788535395583832e+00
1.131599999999988615e+00 3.829027055066387852e+00
1.132599999999988505e+00 3.834435431813209672e+00
1.133599999999988395e+00 3.839732338789092037e+00
1.134599999999988285e+00 3.844216704234175275e+00
1.135599999999988174e+00 3.848684815282218619e+00
1.136599999999988064e+00 3.853143530743741163e+00
1.137599999999987954e+00 3.857596520305832222e+00
1.138599999999987844e+00 3.862043965896448938e+00
1.139599999999987734e+00 3.866482315212125265e+00
1.140599999999987624e+00 3.869774174608990869e+00
1.141599999999987514e+00 3.872643906145447623e+00
1.142599999999987403e+00 3.875407341344796031e+00
1.143599999999987293e+00 3.878061009048805907e+00
1.144599999999987183e+00 3.880601051756512376e+00
1.145599999999987073e+00 3.914530031811338073e+00
1.146599999999986963e+00 3.913598602996112064e+00
1.147599999999986853e+00 3.910973489803512670e+00
1.148599999999986743e+00 3.909487960350682467e+00
1.149599999999986633e+00 3.906281228431651709e+00
1.150599999999986522e+00 3.911085465826491081e+00
1.151599999999986412e+00 3.911224672965819327e+00
1.152599999999986302e+00 3.909085400419594514e+00
1.153599999999986192e+00 3.906972428099998229e+00
1.154599999999986082e+00 3.905529907772331555e+00
1.155599999999985972e+00 3.904022886966509898e+00
1.156599999999985862e+00 3.902440670827735936e+00
1.157599999999985751e+00 3.901043966694961895e+00
1.158599999999985641e+00 3.899928572918081482e+00
1.159599999999985531e+00 3.899148989715611080e+00
1.160599999999985421e+00 3.897824838815745707e+00
1.161599999999985311e+00 3.894838783786808811e+00
1.162599999999985201e+00 3.893592208932687537e+00
1.163599999999985091e+00 3.894470841472893241e+00
1.164599999999984981e+00 3.893801088857381743e+00
1.165599999999984870e+00 3.892248961497079662e+00
1.166599999999984760e+00 3.890599320012431583e+00
1.167599999999984650e+00 3.871167419696498690e+00
1.168599999999984540e+00 3.870461973529768507e+00
1.169599999999984430e+00 3.871395439781379899e+00
1.170599999999984320e+00 3.873912627314901158e+00
1.171599999999984210e+00 3.889643739152160329e+00
1.172599999999984099e+00 3.890782618371816604e+00
1.173599999999983989e+00 3.890747172080322613e+00
1.174599999999983879e+00 3.889911323656698450e+00
1.175599999999983769e+00 3.889508143066700896e+00
1.176599999999983659e+00 3.889668221940322912e+00
1.177599999999983549e+00 3.890295629759877194e+00
1.178599999999983439e+00 3.892222902946556484e+00
1.179599999999983329e+00 3.895093303403961649e+00
1.180599999999983218e+00 3.897965426302800740e+00
1.181599999999983108e+00 3.900383051131209200e+00
1.182599999999982998e+00 3.902130543953958863e+00
1.183599999999982888e+00 3.903674478134390391e+00
1.184599999999982778e+00 3.905160465938184444e+00
1.185599999999982668e+00 3.906585819472482957e+00
1.186599999999982558e+00 3.907950325969442584e+00
1.187599999999982447e+00 3.909220697066140726e+00
1.188599999999982337e+00 3.909444674902464723e+00
1.189599999999982227e+00 3.906709387514045950e+00
1.190599999999982117e+00 3.905487773157152009e+00
1.191599999999982007e+00 3.907404929189193243e+00
1.192599999999981897e+00 3.910728198467677608e+00
1.193599999999981787e+00 3.912835508361910630e+00
1.194599999999981677e+00 3.913193134349229219e+00
1.195599999999981566e+00 3.917788010895518980e+00
1.196599999999981456e+00 3.918147304385831919e+00
1.197599999999981346e+00 3.915580515182804255e+00
1.198599999999981236e+00 3.918700574131045222e+00
1.199599999999981126e+00 3.919440763951453022e+00
1.200599999999981016e+00 3.801732051982414262e+00
1.201599999999980906e+00 3.780783693560767489e+00
1.202599999999980795e+00 3.763633896602343043e+00
1.203599999999980685e+00 3.747066963250123450e+00
1.204599999999980575e+00 3.730723269987460178e+00
1.205599999999980465e+00 3.714577839648960378e+00
1.206599999999980355e+00 3.698719620124087726e+00
1.207599999999980245e+00 3.683792882527304968e+00
1.208599999999980135e+00 3.669109952658391904e+00
1.209599999999980025e+00 3.655245821563278596e+00
1.210599999999979914e+00 3.642001561701075474e+00
1.211599999999979804e+00 3.628491283493572084e+00
1.212599999999979694e+00 3.614806144923990772e+00
1.213599999999979584e+00 3.601030006764295521e+00
1.214599999999979474e+00 3.587236110624871799e+00
1.215599999999979364e+00 3.573485379552728602e+00
1.216599999999979254e+00 3.559826054669825268e+00
1.217599999999979143e+00 3.546294315667221753e+00
1.218599999999979033e+00 3.532915533367425809e+00
1.219599999999978923e+00 3.519705849623802507e+00
1.220599999999978813e+00 3.506673850079129906e+00
1.221599999999978703e+00 3.493822169162427826e+00
1.222599999999978593e+00 3.481148931668728963e+00
1.223599999999978483e+00 3.454000186579969878e+00
1.224599999999978373e+00 3.445455690713483676e+00
1.225599999999978262e+00 3.438605966496155020e+00
1.226599999999978152e+00 3.431400928450903720e+00
1.227599999999978042e+00 3.423853770294106980e+00
1.228599999999977932e+00 3.415997350254460940e+00
1.229599999999977822e+00 3.407888241578115540e+00
1.230599999999977712e+00 3.397310227946119809e+00
1.231599999999977602e+00 3.386274559550676244e+00
1.232599999999977491e+00 3.375450856939325561e+00
1.233599999999977381e+00 3.364887489061690218e+00
1.234599999999977271e+00 3.354612663352522617e+00
1.235599999999977161e+00 3.344638074099485436e+00
1.236599999999977051e+00 3.334962220132842603e+00
1.237599999999976941e+00 3.325573582571779596e+00
1.238599999999976831e+00 3.316453595541538846e+00
1.239599999999976720e+00 3.307579275090676063e+00
1.240599999999976610e+00 3.298925400727203083e+00
1.241599999999976500e+00 3.290466206524268244e+00
1.242599999999976390e+00 3.282176598395411204e+00
1.243599999999976280e+00 3.274032856672166147e+00
1.244599999999976170e+00 3.266011777935352356e+00
1.245599999999976060e+00 3.258091417232785503e+00
1.246599999999975950e+00 3.250252265125835649e+00
1.247599999999975839e+00 3.242477154408586415e+00
1.248599999999975729e+00 3.234751071063044492e+00
1.249599999999975619e+00 3.227060935410609233e+00
1.250599999999975509e+00 3.219395377615864362e+00
1.251599999999975399e+00 3.211744522651734712e+00
1.252599999999975289e+00 3.204099793196775181e+00
1.253599999999975179e+00 3.196453910496343198e+00
1.254599999999975068e+00 3.188801823774790378e+00
1.255599999999974958e+00 3.181139754532010144e+00
1.256599999999974848e+00 3.173464489122483911e+00
1.257599999999974738e+00 3.165773292281166107e+00
1.258599999999974628e+00 3.158063837451189571e+00
1.259599999999974518e+00 3.150334148934337719e+00
1.260599999999974408e+00 3.142630067555376883e+00
1.261599999999974298e+00 3.135090024755118776e+00
1.262599999999974187e+00 3.127491512007710028e+00
1.263599999999974077e+00 3.119836083673989791e+00
1.264599999999973967e+00 3.112125390148824167e+00
1.265599999999973857e+00 3.104361140777983863e+00
1.266599999999973747e+00 3.096545074796750896e+00
1.267599999999973637e+00 3.088712685183777396e+00
1.268599999999973527e+00 3.080829676141499718e+00
1.269599999999973416e+00 3.072896059583175798e+00
1.270599999999973306e+00 3.064913927924072468e+00
1.271599999999973196e+00 3.056885299303498726e+00
1.272599999999973086e+00 3.048812115018927571e+00
1.273599999999972976e+00 3.040696238718126665e+00
1.274599999999972866e+00 3.032539456914767229e+00
1.275599999999972756e+00 3.024343480482450275e+00
1.276599999999972646e+00 3.016109946854571788e+00
1.277599999999972535e+00 3.007840422716052231e+00
1.278599999999972425e+00 2.999536407020054085e+00
1.279599999999972315e+00 2.991199334200441484e+00
1.280599999999972205e+00 2.982830577480836354e+00
1.281599999999972095e+00 2.974431452205230642e+00
1.282599999999971985e+00 2.966003219133883206e+00
1.283599999999971875e+00 2.957547087663378704e+00
1.284599999999971764e+00 2.949064218941511939e+00
1.285599999999971654e+00 2.940555728856715234e+00
1.286599999999971544e+00 2.932022690888958394e+00
1.287599999999971434e+00 2.923466138814825754e+00
1.288599999999971324e+00 2.914887069263137676e+00
1.289599999999971214e+00 2.906286444121183976e+00
1.290599999999971104e+00 2.897665192793789757e+00
1.291599999999970994e+00 2.889024214319000805e+00
1.292599999999970883e+00 2.880364379345680348e+00
1.293599999999970773e+00 2.871686531978964396e+00
1.294599999999970663e+00 2.862991491500066488e+00
1.295599999999970553e+00 2.854280053967091391e+00
1.296599999999970443e+00 2.845552993710910528e+00
1.297599999999970333e+00 2.836811185019959325e+00
1.298599999999970223e+00 2.828055898940164070e+00
1.299599999999970112e+00 2.819288454792959087e+00
1.300599999999970002e+00 2.810510125374594992e+00
1.301599999999969892e+00 2.801722139048361981e+00
1.302599999999969782e+00 2.792925681725897391e+00
1.303599999999969672e+00 2.784121898741334533e+00
1.304599999999969562e+00 2.775311896622822516e+00
1.305599999999969452e+00 2.766496744766079985e+00
1.306599999999969342e+00 2.757677477014830458e+00
1.307599999999969231e+00 2.748855093152842599e+00
1.308599999999969121e+00 2.740030560312533225e+00
1.309599999999969011e+00 2.731204814304623696e+00
1.310599999999968901e+00 2.722378760873498393e+00
1.311599999999968791e+00 2.713553276882775478e+00
1.312599999999968681e+00 2.704729211435012104e+00
1.313599999999968571e+00 2.695907386929786043e+00
1.314599999999968460e+00 2.687088600063882282e+00
1.315599999999968350e+00 2.678273622777135543e+00
1.316599999999968240e+00 2.669463203147399710e+00
1.317599999999968130e+00 2.660658066237775898e+00
1.318599999999968020e+00 2.651858914899129616e+00
1.319599999999967910e+00 2.643066430530758737e+00
1.320599999999967800e+00 2.634281273801724055e+00
1.321599999999967689e+00 2.625504085335478521e+00
1.322599999999967579e+00 2.616735486359983653e+00
1.323599999999967469e+00 2.607976079325437624e+00
1.324599999999967359e+00 2.599226448491835484e+00
1.325599999999967249e+00 2.590487160487933593e+00
1.326599999999967139e+00 2.581758764843641529e+00
1.327599999999967029e+00 2.573041794497388679e+00
1.328599999999966919e+00 2.564336766279872393e+00
1.329599999999966808e+00 2.555644181375791746e+00
1.330599999999966698e+00 2.546964525764785492e+00
1.331599999999966588e+00 2.538298270642879828e+00
1.332599999999966478e+00 2.529645872825533104e+00
1.333599999999966368e+00 2.521007775133396578e+00
1.334599999999966258e+00 2.512384406761837496e+00
1.335599999999966148e+00 2.503776183635066488e+00
1.336599999999966037e+00 2.495183508745897782e+00
1.337599999999965927e+00 2.486606772481795957e+00
1.338599999999965817e+00 2.478016713675632587e+00
1.339599999999965707e+00 2.469440182933038130e+00
