1.029599999999999849e+00 5.298578850594653389e+00
1.030599999999999739e+00 5.312162022681890861e+00
1.031599999999999628e+00 5.325746706590335222e+00
1.032599999999999518e+00 5.339331509114630947e+00
1.033599999999999408e+00 5.352915006316775859e+00
1.034599999999999298e+00 5.366495743268128393e+00
1.035599999999999188e+00 5.380072233778690816e+00
1.036599999999999078e+00 5.393642960110977214e+00
1.037599999999998968e+00 5.407206372675226191e+00
1.038599999999998857e+00 5.420760889702620489e+00
1.039599999999998747e+00 5.434304896892387049e+00
1.040599999999998637e+00 5.447836747028405924e+00
1.041599999999998527e+00 5.461354759560473227e+00
1.042599999999998417e+00 5.474857220144807357e+00
1.043599999999998307e+00 5.488342380137639864e+00
1.044599999999998197e+00 5.501808456035741202e+00
1.045599999999998087e+00 5.515253628856715551e+00
1.046599999999997976e+00 5.528676043451664412e+00
1.047599999999997866e+00 5.542073807742532665e+00
1.048599999999997756e+00 5.555444991875946315e+00
1.049599999999997646e+00 5.568787703377664045e+00
1.050599999999997536e+00 5.582101162454051746e+00
1.051599999999997426e+00 5.595385489515701138e+00
1.052599999999997316e+00 5.608640870879092688e+00
1.053599999999997205e+00 5.621867539322362717e+00
1.054599999999997095e+00 5.635065873470846753e+00
1.055599999999996985e+00 5.648236944549369198e+00
1.056599999999996875e+00 5.661380185705933599e+00
1.057599999999996765e+00 5.674496053299332488e+00
1.058599999999996655e+00 5.687585070864521697e+00
1.059599999999996545e+00 5.700647834866646946e+00
1.060599999999996434e+00 5.713685021172945966e+00
1.061599999999996324e+00 5.726697392338113701e+00
1.062599999999996214e+00 5.739685805812015928e+00
1.063599999999996104e+00 5.752651223195162089e+00
1.064599999999995994e+00 5.765594720684807939e+00
1.065599999999995884e+00 5.778517500876331425e+00
1.066599999999995774e+00 5.791420906109191691e+00
1.067599999999995664e+00 5.804306431716618420e+00
1.068599999999995553e+00 5.817175341781380737e+00
1.069599999999995443e+00 5.830028133772056975e+00
1.070599999999995333e+00 5.842865261742268501e+00
1.071599999999995223e+00 5.855687262135845117e+00
1.072599999999995113e+00 5.868494764631702054e+00
1.073599999999995003e+00 5.881288504637247172e+00
1.074599999999994893e+00 5.894069337756469906e+00
1.075599999999994782e+00 5.906838256633125894e+00
1.076599999999994672e+00 5.919596410660183494e+00
1.077599999999994562e+00 5.932345129158511199e+00
1.078599999999994452e+00 5.945085948761864358e+00
1.079599999999994342e+00 5.957820645905814061e+00
1.080599999999994232e+00 5.970551275506032596e+00
1.081599999999994122e+00 5.983280217123434497e+00
1.082599999999994012e+00 5.996010230141715525e+00
1.083599999999993901e+00 6.008744519706402443e+00
1.084599999999993791e+00 6.021486815349087252e+00
1.085599999999993681e+00 6.034241464269015864e+00
1.086599999999993571e+00 6.047013541021827976e+00
1.087599999999993461e+00 6.059808974627134859e+00
1.088599999999993351e+00 6.072634692433819481e+00
1.089599999999993241e+00 6.085498776783111019e+00
1.090599999999993130e+00 6.098410624457041074e+00
1.091599999999993020e+00 6.111381088299816078e+00
1.092599999999992910e+00 6.124422562473447407e+00
1.093599999999992800e+00 6.137548947873074034e+00
1.094599999999992690e+00 6.150776367333985917e+00
1.095599999999992580e+00 6.164124043164940225e+00
1.096599999999992470e+00 6.177611494247316593e+00
1.097599999999992360e+00 6.191255990768153694e+00
1.098599999999992249e+00 6.205068691897419164e+00
1.099599999999992139e+00 6.219048619485636920e+00
1.100599999999992029e+00 6.233174182425414322e+00
1.101599999999991919e+00 6.247393108899623293e+00
1.102599999999991809e+00 6.261614405665970828e+00
1.103599999999991699e+00 6.275710684882804813e+00
1.104599999999991589e+00 6.289544028274368870e+00
1.105599999999991478e+00 6.295980065528080871e+00
1.106599999999991368e+00 6.301463271394981192e+00
1.107599999999991258e+00 6.307418857009539082e+00
1.108599999999991148e+00 6.312607444238261145e+00
1.109599999999991038e+00 6.317182989814490668e+00
1.110599999999990928e+00 6.321263388285377260e+00
1.111599999999990818e+00 6.324964244669828872e+00
1.112599999999990708e+00 6.328445122645453225e+00
1.113599999999990597e+00 6.331834810077748621e+00
1.114599999999990487e+00 6.335227265284145481e+00
1.115599999999990377e+00 6.338597433508853740e+00
1.116599999999990267e+00 6.341935329064947169e+00
1.117599999999990157e+00 6.351321374111945417e+00
1.118599999999990047e+00 6.361171794036912353e+00
1.119599999999989937e+00 6.370681770452832460e+00
1.120599999999989826e+00 6.379580159317868038e+00
1.121599999999989716e+00 6.387872927534997025e+00
1.122599999999989606e+00 6.395684510936650469e+00
1.123599999999989496e+00 6.403167382757383841e+00
1.124599999999989386e+00 6.410335497760137891e+00
1.125599999999989276e+00 6.417330528935574208e+00
1.126599999999989166e+00 6.423167120288242771e+00
1.127599999999989056e+00 6.424607157466717844e+00
1.128599999999988945e+00 6.425222947609254831e+00
1.129599999999988835e+00 6.425307148365909882e+00
1.130599999999988725e+00 6.425241135462425923e+00
1.131599999999988615e+00 6.425049363111389411e+00
1.132599999999988505e+00 6.424756375494884431e+00
1.133599999999988395e+00 6.424717513234160293e+00
1.134599999999988285e+00 6.424665950721529128e+00
1.135599999999988174e+00 6.424603913596596882e+00
1.136599999999988064e+00 6.424459692530732902e+00
1.137599999999987954e+00 6.424239023059956644e+00
1.138599999999987844e+00 6.423948487645454009e+00
1.139599999999987734e+00 6.423593704656188841e+00
1.140599999999987624e+00 6.423179506570371622e+00
1.141599999999987514e+00 6.422710085688674297e+00
1.142599999999987403e+00 6.422189108936223079e+00
1.143599999999987293e+00 6.421619807018890569e+00
1.144599999999987183e+00 6.421005043697752157e+00
1.145599999999987073e+00 6.420347370170366830e+00
1.146599999999986963e+00 6.421470416837076201e+00
1.147599999999986853e+00 6.423587183850972160e+00
1.148599999999986743e+00 6.425391000187893553e+00
1.149599999999986633e+00 6.426828954209129030e+00
1.150599999999986522e+00 6.427855576510394187e+00
1.151599999999986412e+00 6.428440155247955090e+00
1.152599999999986302e+00 6.428574284380101034e+00
1.153599999999986192e+00 6.428751212543081905e+00
1.154599999999986082e+00 6.428010343514078073e+00
1.155599999999985972e+00 6.426538884756928027e+00
1.156599999999985862e+00 6.424319284814266950e+00
1.157599999999985751e+00 6.422216803657240014e+00
1.158599999999985641e+00 6.420329667356496017e+00
1.159599999999985531e+00 6.418733718573953695e+00
1.160599999999985421e+00 6.417331651068291620e+00
1.161599999999985311e+00 6.415727514426685651e+00
1.162599999999985201e+00 6.413901323139567623e+00
1.163599999999985091e+00 6.411842550195821389e+00
1.164599999999984981e+00 6.409738169594035639e+00
1.165599999999984870e+00 6.407364509004756847e+00
1.166599999999984760e+00 6.404845241798402533e+00
1.167599999999984650e+00 6.402228233616992448e+00
1.168599999999984540e+00 6.399568852693683141e+00
1.169599999999984430e+00 6.396925832003801382e+00
1.170599999999984320e+00 6.394357356356820787e+00
1.171599999999984210e+00 6.391916854995128183e+00
1.172599999999984099e+00 6.389645841980714280e+00
1.173599999999983989e+00 6.388463282587188985e+00
1.174599999999983879e+00 6.389704946423528042e+00
1.175599999999983769e+00 6.393141132305807162e+00
1.176599999999983659e+00 6.398186432559993975e+00
1.177599999999983549e+00 6.406011672886125830e+00
1.178599999999983439e+00 6.417183126126889903e+00
1.179599999999983329e+00 6.431810151731276903e+00
1.180599999999983218e+00 6.443104448467983580e+00
1.181599999999983108e+00 6.462281954856762489e+00
1.182599999999982998e+00 6.486869214543963480e+00
1.183599999999982888e+00 6.503733456553424830e+00
1.184599999999982778e+00 6.527661303375030144e+00
1.185599999999982668e+00 6.549064426040247078e+00
1.186599999999982558e+00 6.566559820039257644e+00
1.187599999999982447e+00 6.582318132623279361e+00
1.188599999999982337e+00 6.598016647330195106e+00
1.189599999999982227e+00 6.614713104550263623e+00
1.190599999999982117e+00 6.630687943718566402e+00
1.191599999999982007e+00 6.646027128439017773e+00
1.192599999999981897e+00 6.660947528531454331e+00
1.193599999999981787e+00 6.675428605927187675e+00
1.194599999999981677e+00 6.689526449823778087e+00
1.195599999999981566e+00 6.700518096476138830e+00
1.196599999999981456e+00 6.707011559238471143e+00
1.197599999999981346e+00 6.713942046542452857e+00
1.198599999999981236e+00 6.721685636671876907e+00
1.199599999999981126e+00 6.729717485497671348e+00
1.200599999999981016e+00 6.737890820873524866e+00
1.201599999999980906e+00 6.748508713509278500e+00
1.202599999999980795e+00 6.763274258800823446e+00
1.203599999999980685e+00 6.777998923199266557e+00
1.204599999999980575e+00 6.792718790867279921e+00
1.205599999999980465e+00 6.807442784550506332e+00
1.206599999999980355e+00 6.822164334567432320e+00
1.207599999999980245e+00 6.836832562469334462e+00
1.208599999999980135e+00 6.851473741312224419e+00
1.209599999999980025e+00 6.866074849767080934e+00
1.210599999999979914e+00 6.880623252966568515e+00
1.211599999999979804e+00 6.895110512380396628e+00
1.212599999999979694e+00 6.909532233220753383e+00
1.213599999999979584e+00 6.923887487831230203e+00
1.214599999999979474e+00 6.938178074031080556e+00
1.215599999999979364e+00 6.952407771379712997e+00
1.216599999999979254e+00 6.966581682645877294e+00
1.217599999999979143e+00 6.980705695730863525e+00
1.218599999999979033e+00 6.994786069820984054e+00
1.219599999999978923e+00 7.008829133194828032e+00
1.220599999999978813e+00 7.022841073570784687e+00
1.221599999999978703e+00 7.036827800995526516e+00
1.222599999999978593e+00 7.050794865212283824e+00
1.223599999999978483e+00 7.061776191329107277e+00
1.224599999999978373e+00 7.073520661090300976e+00
1.225599999999978262e+00 7.085553988663633618e+00
1.226599999999978152e+00 7.097870948817726955e+00
1.227599999999978042e+00 7.110360696426694105e+00
1.228599999999977932e+00 7.123025217732328329e+00
1.229599999999977822e+00 7.135898441476488330e+00
1.230599999999977712e+00 7.150131367534463322e+00
1.231599999999977602e+00 7.164589386752345135e+00
1.232599999999977491e+00 7.178864852233969529e+00
1.233599999999977381e+00 7.192897591331508522e+00
1.234599999999977271e+00 7.206653672941190081e+00
1.235599999999977161e+00 7.220120385756377601e+00
1.236599999999977051e+00 7.233301650746948752e+00
1.237599999999976941e+00 7.246213789848171771e+00
1.238599999999976831e+00 7.258881694475075363e+00
1.239599999999976720e+00 7.271335474360652640e+00
1.240599999999976610e+00 7.283607659406266421e+00
1.241599999999976500e+00 7.295730823806660936e+00
1.242599999999976390e+00 7.307723534740862448e+00
1.243599999999976280e+00 7.319582531230443223e+00
1.244599999999976170e+00 7.331380390075299402e+00
1.245599999999976060e+00 7.343139523485092468e+00
1.246599999999975950e+00 7.354878894585127114e+00
1.247599999999975839e+00 7.366614248448332347e+00
1.248599999999975729e+00 7.378350165949086659e+00
1.249599999999975619e+00 7.390098470260305419e+00
1.250599999999975509e+00 7.401874401137728654e+00
1.251599999999975399e+00 7.413683278856405323e+00
1.252599999999975289e+00 7.425530568156066380e+00
1.253599999999975179e+00 7.437419795668150257e+00
1.254599999999975068e+00 7.449352453087024983e+00
1.255599999999974958e+00 7.461328914524923306e+00
1.256599999999974848e+00 7.473348969130178432e+00
1.257599999999974738e+00 7.485411953946039532e+00
1.258599999999974628e+00 7.497530676521204640e+00
1.259599999999974518e+00 7.509731787091217470e+00
1.260599999999974408e+00 7.521970133960921956e+00
1.261599999999974298e+00 7.534244162806595924e+00
1.262599999999974187e+00 7.546552243595936460e+00
1.263599999999974077e+00 7.558892706289768171e+00
1.264599999999973967e+00 7.571263868265079466e+00
1.265599999999973857e+00 7.583664055100884482e+00
1.266599999999973747e+00 7.596091616076515507e+00
1.267599999999973637e+00 7.608544935482600025e+00
1.268599999999973527e+00 7.621022440636844308e+00
1.269599999999973416e+00 7.633522607323019571e+00
1.270599999999973306e+00 7.646043963229798734e+00
1.271599999999973196e+00 7.658585089849717420e+00
1.272599999999973086e+00 7.671144623204344981e+00
1.273599999999972976e+00 7.683721253686375263e+00
1.274599999999972866e+00 7.696313725246996640e+00
1.275599999999972756e+00 7.708920834109264320e+00
1.276599999999972646e+00 7.721541427147636583e+00
1.277599999999972535e+00 7.734174400043759334e+00
1.278599999999972425e+00 7.746818695302815527e+00
1.279599999999972315e+00 7.759473300195404377e+00
1.280599999999972205e+00 7.772137244674345524e+00
1.281599999999972095e+00 7.784809599303263994e+00
1.282599999999971985e+00 7.797489473224263890e+00
1.283599999999971875e+00 7.810176012184260941e+00
1.284599999999971764e+00 7.822868396633628763e+00
1.285599999999971654e+00 7.835565839906438512e+00
1.286599999999971544e+00 7.848267586487528646e+00
1.287599999999971434e+00 7.860972910369294908e+00
1.288599999999971324e+00 7.873681113499081619e+00
1.289599999999971214e+00 7.886391524316010759e+00
1.290599999999971104e+00 7.899103496375495581e+00
1.291599999999970994e+00 7.911816407058676504e+00
1.292599999999970883e+00 7.924529656363192842e+00
1.293599999999970773e+00 7.937242665771773176e+00
1.294599999999970663e+00 7.949954877194581826e+00
1.295599999999970553e+00 7.962665751981294449e+00
1.296599999999970443e+00 7.975374769996635749e+00
1.297599999999970333e+00 7.988081391825685884e+00
1.298599999999970223e+00 8.000784917558805276e+00
1.299599999999970112e+00 8.013484599599260960e+00
1.300599999999970002e+00 8.026179943419247564e+00
1.301599999999969892e+00 8.038859239685759661e+00
1.302599999999969782e+00 8.051531954078475550e+00
1.303599999999969672e+00 8.064198369440388703e+00
1.304599999999969562e+00 8.076857912137727524e+00
1.305599999999969452e+00 8.089510127863803746e+00
1.306599999999969342e+00 8.102154482639260635e+00
1.307599999999969231e+00 8.114790459182582794e+00
1.308599999999969121e+00 8.127417556363376150e+00
1.309599999999969011e+00 8.140035288681453096e+00
1.310599999999968901e+00 8.152643185770926948e+00
1.311599999999968791e+00 8.165240791928017217e+00
1.312599999999968681e+00 8.177827665661670409e+00
1.313599999999968571e+00 8.190403379265937645e+00
1.314599999999968460e+00 8.202967518412927816e+00
1.315599999999968350e+00 8.215519681765387716e+00
1.316599999999968240e+00 8.228059480607788245e+00
1.317599999999968130e+00 8.240586538495092483e+00
1.318599999999968020e+00 8.253100490918027887e+00
1.319599999999967910e+00 8.265600984984047273e+00
1.320599999999967800e+00 8.278087679113028230e+00
1.321599999999967689e+00 8.290560242746945363e+00
1.322599999999967579e+00 8.303018356072632500e+00
1.323599999999967469e+00 8.315461709756791109e+00
1.324599999999967359e+00 8.327890004692775960e+00
1.325599999999967249e+00 8.340302951758006955e+00
1.326599999999967139e+00 8.352700271581827707e+00
1.327599999999967029e+00 8.365081694322929806e+00
1.328599999999966919e+00 8.377446959455681963e+00
1.329599999999966808e+00 8.389795815565182835e+00
1.330599999999966698e+00 8.402128020149891796e+00
1.331599999999966588e+00 8.414443339432134294e+00
1.332599999999966478e+00 8.426741548175316510e+00
1.333599999999966368e+00 8.439022429507764045e+00
1.334599999999966258e+00 8.451285774752836488e+00
1.335599999999966148e+00 8.463531383264731645e+00
1.336599999999966037e+00 8.475759062269696997e+00
1.337599999999965927e+00 8.487968626712421027e+00
1.338599999999965817e+00 8.500159899107156747e+00
1.339599999999965707e+00 8.512332713606935997e+00
