1.029599999999999849e+00 2.930986778306696294e+00
1.030599999999999739e+00 2.938148706886023476e+00
1.031599999999999628e+00 2.945333394614984002e+00
1.032599999999999518e+00 2.952540513882984108e+00
1.033599999999999408e+00 2.959769719885459338e+00
1.034599999999999298e+00 2.967020650188708863e+00
1.035599999999999188e+00 2.974292924288816309e+00
1.036599999999999078e+00 2.981586143165356972e+00
1.037599999999998968e+00 2.988899888831301865e+00
1.038599999999998857e+00 2.996233723880092015e+00
1.039599999999998747e+00 3.003587191031804160e+00
1.040599999999998637e+00 3.010959812680187753e+00
1.041599999999998527e+00 3.018351090443003315e+00
1.042599999999998417e+00 3.025760504718467914e+00
1.043599999999998307e+00 3.033187514251277861e+00
1.044599999999998197e+00 3.040631555712213441e+00
1.045599999999998087e+00 3.048092043296432685e+00
1.046599999999997976e+00 3.055568368346418318e+00
1.047599999999997866e+00 3.063059899006716158e+00
1.048599999999997756e+00 3.070552810694839430e+00
1.049599999999997646e+00 3.078058646222785022e+00
1.050599999999997536e+00 3.085576742098381509e+00
1.051599999999997426e+00 3.093106375661030860e+00
1.052599999999997316e+00 3.100645858383416886e+00
1.053599999999997205e+00 3.108194785057845522e+00
1.054599999999997095e+00 3.115752793999338799e+00
1.055599999999996985e+00 3.123319036166643414e+00
1.056599999999996875e+00 3.130892628289382529e+00
1.057599999999996765e+00 3.138472651395530555e+00
1.058599999999996655e+00 3.146058149196185205e+00
1.059599999999996545e+00 3.153648126314754663e+00
1.060599999999996434e+00 3.161241546347421050e+00
1.061599999999996324e+00 3.168837329743054099e+00
1.062599999999996214e+00 3.176434351492432029e+00
1.063599999999996104e+00 3.184031438619812526e+00
1.064599999999995994e+00 3.191627367474476173e+00
1.065599999999995884e+00 3.199220860827156621e+00
1.066599999999995774e+00 3.206810584786135010e+00
1.067599999999995664e+00 3.214395146510615753e+00
1.068599999999995553e+00 3.221973294866309345e+00
1.069599999999995443e+00 3.229544193576970201e+00
1.070599999999995333e+00 3.237145625179004504e+00
1.071599999999995223e+00 3.244745209265318842e+00
1.072599999999995113e+00 3.252340477369647154e+00
1.073599999999995003e+00 3.259934606884313801e+00
1.074599999999994893e+00 3.267459741723563127e+00
1.075599999999994782e+00 3.274970263738098630e+00
1.076599999999994672e+00 3.282463409159535495e+00
1.077599999999994562e+00 3.289940054219299803e+00
1.078599999999994452e+00 3.297401372510389450e+00
1.079599999999994342e+00 3.304846545290832438e+00
1.080599999999994232e+00 3.312274797826528783e+00
1.081599999999994122e+00 3.319685423945465175e+00
1.082599999999994012e+00 3.327077819570564365e+00
1.083599999999993901e+00 3.334451528184592561e+00
1.084599999999993791e+00 3.341806302064917134e+00
1.085599999999993681e+00 3.349142184223754981e+00
1.086599999999993571e+00 3.356459617311163157e+00
1.087599999999993461e+00 3.363759587255801264e+00
1.088599999999993351e+00 3.371043811025757897e+00
1.089599999999993241e+00 3.378314979332015078e+00
1.090599999999993130e+00 3.385577065853857981e+00
1.091599999999993020e+00 3.392835713677968990e+00
1.092599999999992910e+00 3.400098705450776748e+00
1.093599999999992800e+00 3.407376516345243189e+00
1.094599999999992690e+00 3.414683536261421182e+00
1.095599999999992580e+00 3.422039583657204176e+00
1.096599999999992470e+00 3.429554146014948124e+00
1.097599999999992360e+00 3.437218728869069651e+00
1.098599999999992249e+00 3.445011639194770048e+00
1.099599999999992139e+00 3.452982845186351568e+00
1.100599999999992029e+00 3.461166841756871726e+00
1.101599999999991919e+00 3.469587906091644136e+00
1.102599999999991809e+00 3.478214824427478646e+00
1.103599999999991699e+00 3.487021997582988142e+00
1.104599999999991589e+00 3.496019607401561480e+00
1.105599999999991478e+00 3.503164291242140571e+00
1.106599999999991368e+00 3.509348894421530751e+00
1.107599999999991258e+00 3.515377374285713508e+00
1.108599999999991148e+00 3.521565905627068283e+00
1.109599999999991038e+00 3.527635434273951098e+00
1.110599999999990928e+00 3.533446169665429792e+00
1.111599999999990818e+00 3.539222379007721742e+00
1.112599999999990708e+00 3.545115660239360089e+00
1.113599999999990597e+00 3.551215168756372442e+00
1.114599999999990487e+00 3.557466574786774416e+00
1.115599999999990377e+00 3.563774792695136640e+00
1.116599999999990267e+00 3.570136236706346722e+00
1.117599999999990157e+00 3.577548034712819458e+00
1.118599999999990047e+00 3.585846322876259151e+00
1.119599999999989937e+00 3.594227854931069999e+00
1.120599999999989826e+00 3.602662251833193885e+00
1.121599999999989716e+00 3.611223525782045307e+00
1.122599999999989606e+00 3.620058300194439305e+00
1.123599999999989496e+00 3.628803981390861466e+00
1.124599999999989386e+00 3.637364235857078576e+00
1.125599999999989276e+00 3.646214830927355877e+00
1.126599999999989166e+00 3.654866310410869179e+00
1.127599999999989056e+00 3.659414893084954379e+00
1.128599999999988945e+00 3.658482683653010437e+00
1.129599999999988835e+00 3.665198104151331293e+00
1.130599999999988725e+00 3.629406320477177594e+00
1.131599999999988615e+00 3.623625972764350056e+00
1.132599999999988505e+00 3.615562082471916128e+00
1.133599999999988395e+00 3.607801904670765225e+00
1.134599999999988285e+00 3.600359534830909869e+00
1.135599999999988174e+00 3.593207604492077323e+00
1.136599999999988064e+00 3.586303884109383500e+00
1.137599999999987954e+00 3.579604620572039764e+00
1.138599999999987844e+00 3.573070263704657634e+00
1.139599999999987734e+00 3.566667266156258620e+00
1.140599999999987624e+00 3.560368079313037892e+00
1.141599999999987514e+00 3.554150449097233100e+00
1.142599999999987403e+00 3.547996533919645312e+00
1.143599999999987293e+00 3.541892065229319098e+00
1.144599999999987183e+00 3.536149933722942507e+00
1.145599999999987073e+00 3.530512959167876552e+00
1.146599999999986963e+00 3.528046753889862774e+00
1.147599999999986853e+00 3.527459406164633826e+00
1.148599999999986743e+00 3.526511519555426410e+00
1.149599999999986633e+00 3.525172420070127544e+00
1.150599999999986522e+00 3.523419483305558764e+00
1.151599999999986412e+00 3.521242585719841500e+00
1.152599999999986302e+00 3.518648663751797301e+00
1.153599999999986192e+00 3.515666021692553933e+00
1.154599999999986082e+00 3.512348299562197518e+00
1.155599999999985972e+00 3.506800391025618246e+00
1.156599999999985862e+00 3.498310633425403715e+00
1.157599999999985751e+00 3.490270237347803395e+00
1.158599999999985641e+00 3.482844724594998276e+00
1.159599999999985531e+00 3.476141545958618018e+00
1.160599999999985421e+00 3.470701198082610794e+00
1.161599999999985311e+00 3.465774546553403113e+00
1.162599999999985201e+00 3.460607881776569528e+00
1.163599999999985091e+00 3.455172189942118166e+00
1.164599999999984981e+00 3.449430628341490390e+00
1.165599999999984870e+00 3.443356091018605625e+00
1.166599999999984760e+00 3.437196155643903239e+00
1.167599999999984650e+00 3.430796728297849540e+00
1.168599999999984540e+00 3.424086873635786787e+00
1.169599999999984430e+00 3.416778113481306889e+00
1.170599999999984320e+00 3.408859450858985340e+00
1.171599999999984210e+00 3.400477641068777146e+00
1.172599999999984099e+00 3.391654943231118935e+00
1.173599999999983989e+00 3.383552988754225055e+00
1.174599999999983879e+00 3.378221364698060114e+00
1.175599999999983769e+00 3.375834497342589557e+00
1.176599999999983659e+00 3.376578061041175971e+00
1.177599999999983549e+00 3.378922962643395422e+00
1.178599999999983439e+00 3.383064408748380103e+00
1.179599999999983329e+00 3.390167472058719156e+00
1.180599999999983218e+00 3.407666430307124017e+00
1.181599999999983108e+00 3.424001236472681953e+00
1.182599999999982998e+00 3.438602438818660012e+00
1.183599999999982888e+00 3.451454289794535057e+00
1.184599999999982778e+00 3.462743029270932471e+00
1.185599999999982668e+00 3.472715748229524557e+00
1.186599999999982558e+00 3.482723499108890231e+00
1.187599999999982447e+00 3.492425667408055379e+00
1.188599999999982337e+00 3.501782220436317150e+00
1.189599999999982227e+00 3.510776421731787167e+00
1.190599999999982117e+00 3.519402120897777486e+00
1.191599999999982007e+00 3.527660925827666105e+00
1.192599999999981897e+00 3.535560091409184924e+00
1.193599999999981787e+00 3.543110921802331337e+00
1.194599999999981677e+00 3.550327547495614855e+00
1.195599999999981566e+00 3.546263740224385952e+00
1.196599999999981456e+00 3.545912029510513985e+00
1.197599999999981346e+00 3.547447753208315291e+00
1.198599999999981236e+00 3.548719499693354429e+00
1.199599999999981126e+00 3.548388741598137663e+00
1.200599999999981016e+00 3.544659530677679804e+00
1.201599999999980906e+00 3.543857796435720964e+00
1.202599999999980795e+00 3.546900120169216741e+00
1.203599999999980685e+00 3.549486895020880883e+00
1.204599999999980575e+00 3.552325656083727523e+00
1.205599999999980465e+00 3.555385244189222860e+00
1.206599999999980355e+00 3.558637844244209703e+00
1.207599999999980245e+00 3.562054988113115606e+00
1.208599999999980135e+00 3.565608233951815809e+00
1.209599999999980025e+00 3.569270653186185527e+00
1.210599999999979914e+00 3.573018148358066526e+00
1.211599999999979804e+00 3.576869323484958674e+00
1.212599999999979694e+00 3.580856260200916186e+00
1.213599999999979584e+00 3.584855193977641630e+00
1.214599999999979474e+00 3.588858498399917440e+00
1.215599999999979364e+00 3.592863919753061186e+00
1.216599999999979254e+00 3.596870769791700173e+00
1.217599999999979143e+00 3.600879564562236457e+00
1.218599999999979033e+00 3.604891700979057312e+00
1.219599999999978923e+00 3.608909184058255892e+00
1.220599999999978813e+00 3.612934406829598544e+00
1.221599999999978703e+00 3.616969979001139812e+00
1.222599999999978593e+00 3.621018597752271084e+00
1.223599999999978483e+00 3.624578984277704308e+00
1.224599999999978373e+00 3.624877715704864389e+00
1.225599999999978262e+00 3.626147382474963266e+00
1.226599999999978152e+00 3.627720556995155832e+00
1.227599999999978042e+00 3.629547573744147382e+00
1.228599999999977932e+00 3.631628703713925876e+00
1.229599999999977822e+00 3.633945564315602006e+00
1.230599999999977712e+00 3.638457163113262727e+00
1.231599999999977602e+00 3.643455733578768729e+00
1.232599999999977491e+00 3.648370708903924342e+00
1.233599999999977381e+00 3.653165853746116909e+00
1.234599999999977271e+00 3.657820412216715500e+00
1.235599999999977161e+00 3.662326559111722890e+00
1.236599999999977051e+00 3.666686731952956357e+00
1.237599999999976941e+00 3.670910950513380566e+00
1.238599999999976831e+00 3.675014304755115813e+00
1.239599999999976720e+00 3.679014769087265435e+00
1.240599999999976610e+00 3.682931436463535491e+00
1.241599999999976500e+00 3.686783196820854425e+00
1.242599999999976390e+00 3.690587830237393785e+00
1.243599999999976280e+00 3.694361420167076915e+00
1.244599999999976170e+00 3.698117641528511079e+00
1.245599999999976060e+00 3.701867848528426208e+00
1.246599999999975950e+00 3.705621509964794669e+00
1.247599999999975839e+00 3.709386356788419103e+00
1.248599999999975729e+00 3.713168564141919425e+00
1.249599999999975619e+00 3.716972950025198230e+00
1.250599999999975509e+00 3.720803172490446897e+00
1.251599999999975399e+00 3.724661914467838564e+00
1.252599999999975289e+00 3.728551050452572735e+00
1.253599999999975179e+00 3.732471741715980507e+00
1.254599999999975068e+00 3.736424248951630389e+00
1.255599999999974958e+00 3.740408278592398439e+00
1.256599999999974848e+00 3.744423244688720231e+00
1.257599999999974738e+00 3.748468340099634144e+00
1.258599999999974628e+00 3.752542593703738660e+00
1.259599999999974518e+00 3.756644916501948206e+00
1.260599999999974408e+00 3.760774138462422922e+00
1.261599999999974298e+00 3.764929037725649241e+00
1.262599999999974187e+00 3.769108363556008978e+00
1.263599999999974077e+00 3.773310854209313447e+00
1.264599999999973967e+00 3.777535250691909763e+00
1.265599999999973857e+00 3.781780307217555315e+00
1.266599999999973747e+00 3.786044799023504659e+00
1.267599999999973637e+00 3.790327528085633446e+00
1.268599999999973527e+00 3.794627327170562392e+00
1.269599999999973416e+00 3.798943062579155150e+00
1.270599999999973306e+00 3.803273635866589508e+00
1.271599999999973196e+00 3.807617984768205677e+00
1.272599999999973086e+00 3.811975083514524076e+00
1.273599999999972976e+00 3.816343942681736490e+00
1.274599999999972866e+00 3.820723608694103213e+00
1.275599999999972756e+00 3.825113163070478439e+00
1.276599999999972646e+00 3.829511721487839360e+00
1.277599999999972535e+00 3.833918432719019442e+00
1.278599999999972425e+00 3.838332477489394989e+00
1.279599999999972315e+00 3.842753067287341118e+00
1.280599999999972205e+00 3.847179443155042122e+00
1.281599999999972095e+00 3.851610874480306368e+00
1.282599999999971985e+00 3.856046657804413247e+00
1.283599999999971875e+00 3.860486115657608241e+00
1.284599999999971764e+00 3.864928595430176195e+00
1.285599999999971654e+00 3.869373468284900586e+00
1.286599999999971544e+00 3.873820128114509487e+00
1.287599999999971434e+00 3.878267990546332644e+00
1.288599999999971324e+00 3.882716491995179542e+00
1.289599999999971214e+00 3.887165088764502396e+00
1.290599999999971104e+00 3.891613256195277426e+00
1.291599999999970994e+00 3.896060487861514154e+00
1.292599999999970883e+00 3.900506294810939245e+00
1.293599999999970773e+00 3.904950204849082951e+00
1.294599999999970663e+00 3.909391761864931425e+00
1.295599999999970553e+00 3.913830525196088317e+00
1.296599999999970443e+00 3.918266069030721166e+00
1.297599999999970333e+00 3.922697969989476618e+00
1.298599999999970223e+00 3.927125776915786126e+00
1.299599999999970112e+00 3.931549044011438898e+00
1.300599999999970002e+00 3.935967339840615420e+00
1.301599999999969892e+00 3.940380246906784123e+00
1.302599999999969782e+00 3.944787361240452483e+00
1.303599999999969672e+00 3.949188291998668277e+00
1.304599999999969562e+00 3.953582661076703086e+00
1.305599999999969452e+00 3.957970102732486062e+00
1.306599999999969342e+00 3.962350263223820335e+00
1.307599999999969231e+00 3.966722800458388321e+00
1.308599999999969121e+00 3.971087383656596526e+00
1.309599999999969011e+00 3.975443693026910807e+00
1.310599999999968901e+00 3.979791419453511114e+00
1.311599999999968791e+00 3.984130264195938409e+00
1.312599999999968681e+00 3.988459938600334542e+00
1.313599999999968571e+00 3.992780163821936679e+00
1.314599999999968460e+00 3.997090670558369752e+00
1.315599999999968350e+00 4.001391198793357695e+00
1.316599999999968240e+00 4.005681497550376946e+00
1.317599999999968130e+00 4.009961324655879622e+00
1.318599999999968020e+00 4.014230446511607653e+00
1.319599999999967910e+00 4.018488637875594627e+00
1.320599999999967800e+00 4.022735681651493422e+00
1.321599999999967689e+00 4.026971368685725139e+00
1.322599999999967579e+00 4.031195497572196196e+00
1.323599999999967469e+00 4.035407874464070233e+00
1.324599999999967359e+00 4.039608312892358555e+00
1.325599999999967249e+00 4.043796633590925005e+00
1.326599999999967139e+00 4.047972664327550874e+00
1.327599999999967029e+00 4.052136239740827151e+00
1.328599999999966919e+00 4.056287201182509961e+00
1.329599999999966808e+00 4.060425396565042533e+00
1.330599999999966698e+00 4.064550680214065181e+00
1.331599999999966588e+00 4.068662912725564240e+00
1.332599999999966478e+00 4.072761960827426364e+00
1.333599999999966368e+00 4.076847697245243651e+00
1.334599999999966258e+00 4.080920000572091588e+00
1.335599999999966148e+00 4.084978755142036455e+00
1.336599999999966037e+00 4.089023850907317126e+00
1.337599999999965927e+00 4.093055183318814017e+00
1.338599999999965817e+00 4.097072653209886894e+00
1.339599999999965707e+00 4.101076169468077737e+00
