327600 6790425 1234.2
343120 6983525 1055.6
372050 7121780 1055.4
320250 6944040 1093.4
449400 6739150 1303
423030 6791930 1296.4
424360 6715440 1301.4
257280 6735210 1283.6
167330 6720720 1305.4
90070 6702950 1249.2
598280 6894570 1192.4
368100 7598530 643.4
289320 7650840 493
370040 6683650 1331
232925 6791220 1276
218380 6801730 1259.6
323170 7035940 1090.2
108980 6702570 1258
318510 6758300 1220
139510 6675520 1280.4
107540 6717730 1226.8
416910 7074180 1054.2
418450 7117340 1023.4
392170 7215280 1060.2
365590 7042370 1035
510535 6720225 1328.8
98130 6701230 1252
473600 6920320 1149
283260 6644860 1352.6
239970 6814110 1242.4
448300 6823160 1216.2
354300 6772180 1234.8
427120 7232120 1047
388610 6742270 1233.8
454940 6793630 1265
580700 6921150 1158.6
386770 6681900 1339.6
484290 6841910 1241.4
419780 6766830 1226.8
249690 6888150 1145
269405 6785415 1240.5
302560 6765210 1215.8
584060 7176250 913.4
381820 6722590 1254.6
400330 6765910 1217.2
297090 6841300 1208.8
366572 6.77336e+06 1224.533333
428780 7269935 995.9
511710 7043620 1113.4
461880 6760490 1281.6
296350 6864240 1188.2
274100 6966540 1136.2
701740 6971770 1069.8
599390 6787280 1279
470160 7617150 613.4
544650 7690160 682.2
332530 6666480 1339.2
234480 6902890 1138.4
266710 6990870 1139
285050 6934290 1116.6
375110 6755650 1235.4
665412 6943446 1117.28
305730 6753400 1221.8
106000 6692690 1255.4
541390 6897460 1196.8
455970 6861440 1173.6
569160 7001520 1136
611330 7014020 1058
365700 6859710 1159.8
542070 6855550 1185
435330 6897320 1166.466667
272350 6867270 1159.4
393477 6.86543e+06 1166.133333
395930 6709160 1296.4
249315 6709990 1320.9
588740 6984850 1103.8
519180 7114655 1020.5
347905 7117975 1068.9
355210 6821785 1243.3
483190 6882490 1156.8
255630 6868520 1172.4
417790 6985040 1067.4
350620 7096430 1056.6
227260 6924460 1156.4
319080 6686430 1332.6
347670 6719930 1246
389180 6977060 1051.6
508930 6972540 1128.4
271520 6902100 1114
202780 6930410 1205.2
254950 6922640 1105.4
297825 7.01653e+06 1107
373420 6680290 1337.4
339460 7057450 1054.2
467360 7012920 1089.8
390780 7295410 997.2
523130 7382380 832.8
508950 7421200 770.6
401110 7309710 975
430530 7200650 1061.6
396370 6700190 1302.6
619130 6877080 1184.8
648050 6866320 1193.8
372840 6910110 1106.2
303080 6905940 1119
264790 6825550 1218.4
444700 7225780 1035.8
254413 6.67247e+06 1337.133333
402640 7028970 1024
359120 6673040 1346
663030 6886570 1147
416520 7486040 762.2
415030 7555320 708.6
477490 7066460 1070
402270 7006050 1059.6
251490 6810830 1243
330062 7085365 1068.55
378920 7468820 781.8
465030 6951180 1131
649850 6971380 1090.4
206860 6974020 1179
287540 6735240 1249
493830 6717710 1320.6
484335 6755695 1283.566667
216430 6910030 1187.8
316680 7059040 1078.2
377070 6823240 1222.2
641090 7121830 944.6
402740 6836260 1194
156880 6699280 1289.4
538305 6961820 1157.1
324370 6969310 1092.4
250965 6960075 1129
193210 6727460 1327
604500 7295040 818.8
600020 7355510 787
322950 6784920 1222.4
376110 6995900 1029.6
405730 6752020 1237.8
445690 7094900 1041.6
163080 6662760 1304
250700 6789300 1251.8
429210 6763270 1252.8
246970 6987040 1144.8
218630 6764220 1285.4
453180 6724740 1311
525540 7033450 1082.6
323320 7015100 1093.2
568903 6.76257e+06 1300.133333
305380 6986140 1117.6
446060 6920050 1152.4
260590 6841520 1229.6
542430 6775040 1271.4
117900 6680120 1262.4
326640 6806810 1234.6
550410 6932570 1164.8
386850 7047030 1053.8
668520 7034540 1045.4
254740 6723560 1299.2
439200 7176230 1045.2
608860 6943210 1134.2
331155 6691140 1326.7
281515 6758235 1240.2
356460 6733730 1231.2
455615 6709095 1333.85
432040 6853580 1221
412020 7197010 1065.4
124700 6685600 1266.8
292050 7085890 1076.6
528810 6760270 1287.2
213950 6817150 1251
205110 6691782 1334.12
222460 6984120 1161.8
512170 7006900 1144.6
107880 6684890 1264.8
278220 6729580 1265
223320 6725900 1327.266667
381910 7134190 1056.8
216260 6876880 1200.8
538770 6734710 1312
512640 6865405 1179.9
458740 7181660 1035
391140 6933790 1041.2
365750 7529710 709
239120 7016560 1143.8
428920 6894870 1163.6
224325 6742290 1307.6
436480 6726320 1300.4
406360 6730310 1262.2
368450 6887675 1169.4
557930 6829420 1246.6
216838 6713540 1336.65
229980 6816040 1244
443150 6765550 1253.2
554290 7011790 1111.4
402220 7092010 1049
307100 6821030 1234.4
236790 6736820 1295.4
331420 6711720 1272.2
608710 7059470 1018.8
376570 6708160 1287.6
206830 6945090 1186.8
268120 7027060 1129.2
433280 6744430 1265
265670 6759160 1249.2
363030 6842920 1203.8
398190 7129730 1042.8
451090 7215470 1036.1
420090 7205330 1066.2
600850 6957840 1126.2
403950 6807290 1235.4
265080 6712840 1301.4
539820 7148950 991.6
643930 6.84339e+06 1200.6
288200 6893540 1115.6
519140 7451990 791.4
384400 7408800 892.2
371060 7019390 1016.6
470790 6821360 1203.8
408190 6910650 1102.6
511595 6908985 1145.6
493220 7020580 1083.4
298970 7055300 1097.4
283960 7069020 1108
431810 7037290 1066.2
319160 6817650 1226.6
618520 6978980 1098.4
238980 6853510 1212
224790 6839535 1233.5
409870 6708790 1301
425230 6701400 1331.2
545410 7339960 805
507690 7269990 933.4
422900 6727310 1288.6
619740 6849140 1232
292620 6784040 1223.2
533620 7196320 925.6
566570 6825560 1264.6
479470 6711510 1333.8
370160 7148440 1078.2
441580 7064380 1057.4
476000 7104900 1008
199590 6777090 1288
367380 6808025 1237.6
261763 6.7463e+06 1263.666667
385920 7168810 1059.2
305443 6667250 1336.066667
234230 6718670 1320.8
568310 6886430 1214
481300 7323160 888.8
214683 6.78567e+06 1271.133333
485390 6948060 1154.6
570000 7042830 1045.8
619460 6808240 1206.2
397980 7057910 1063.2
376020 6736970 1240.6
519470 6819020 1260
565750 7154450 951.4
468640 7366700 894.6
431320 7426420 857.2
593740 6809190 1237.8
346530 6879190 1185.4
241575 6730665 1293.5
643600 6909620 1158.2
398985 6955385 1064.9
569410 7404030 719.2
601510 7483150 685.8
293909 6699303 1296.56
118060 6710620 1228.6
281510 6815940 1221.066667
260200 6695760 1329.4
529940 6786970 1267
598380 6885130 1183.8
549260 7477930 745
578370 7532420 697.4
289802 6965515 1118.3
379810 7084480 1030.6
233190 6874400 1191.4
401460 7179810 1057.6
451190 7.13441e+06 1030.9
532730 7000080 1125.6
409570 7291890 985.6
403960 6693960 1325.6
343740 6674920 1334.8
473870 7474940 739.4
502940 7548620 672.4
360110 6973990 1025
311110 6728770 1239.8
531980 7072200 1049
573710 7103160 1018
148010 6685630 1284.4
567150 6860920 1184.4
121550 6700600 1241.2
520120 6799810 1254.4
582370 7225580 853
509570 6949070 1119.8
436850 6823580 1223.8
254730 6776210 1257
551560 6791560 1292.4
567020 7273280 845.6
205260 6729940 1328.8
324810 6747920 1252.6
340460 6844960 1189.8
266230 6726560 1287.4
492040 6984500 1139.4
422780 7340210 945.4
234020 6943850 1141
680655 6908720 1108.4
365480 7071510 1044
450560 6890320 1158.8
380530 7322270 976.6
243800 6723040 1306.2
572470 6975820 1121.8
390640 6706750 1298.8
448080 7178910 1036
338550 6950990 1080.2
237715 6828920 1238.6
313990 6780470 1214.2
489390 7192830 993.2
500100 7727120 568.6
418100 6930040 1077.2
280300 7044280 1111.8
202610 6754580 1309.8
483380 7153660 1022.8
233450 7008050 1150.4
341490 6793930 1264
588100 7069760 1022.8
387980 6691070 1327
561550 6910080 1192.6
543470 7032240 1098.6
208470 6739770 1322.4
467710 6977060 1118.8
311480 6803800 1231.6
346730 7036160 1055.4
498190 7080330 1056.6
409420 7150490 1025.2
356480 6703270 1295.8
440920 6997780 1106
347410 7012200 1051.6
531410 6717000 1322.8
317370 6915360 1103.2
133830 6700340 1262.4
251310 7003370 1145
259715 7020160 1131.9
452970 7256700 994
381530 7377450 933.4
386010 7109280 1044.8
317110 6855560 1182.2
297320 6749520 1232.6
356660 6943460 1071.8
443917 6950670 1120.4
