1.029599999999999849e+00 3.879481348916458572e+00
1.030599999999999739e+00 3.892791363375264879e+00
1.031599999999999628e+00 3.906090176358496535e+00
1.032599999999999518e+00 3.919376865176939617e+00
1.033599999999999408e+00 3.932650491134435100e+00
1.034599999999999298e+00 3.945910099546152239e+00
1.035599999999999188e+00 3.959154719752676854e+00
1.036599999999999078e+00 3.972383365126994192e+00
1.037599999999998968e+00 3.985595033071920312e+00
1.038599999999998857e+00 3.998788705005152266e+00
1.039599999999998747e+00 4.011963346328213831e+00
1.040599999999998637e+00 4.025117906375664134e+00
1.041599999999998527e+00 4.038251318340126517e+00
1.042599999999998417e+00 4.051362499168083886e+00
1.043599999999998307e+00 4.064450349421161235e+00
1.044599999999998197e+00 4.077513753096496885e+00
1.045599999999998087e+00 4.090551577399503813e+00
1.046599999999997976e+00 4.103562672461462668e+00
1.047599999999997866e+00 4.116545870993407519e+00
1.048599999999997756e+00 4.129499987867461641e+00
1.049599999999997646e+00 4.142423877898856688e+00
1.050599999999997536e+00 4.155317259725405776e+00
1.051599999999997426e+00 4.168180553409770894e+00
1.052599999999997316e+00 4.181014241694903433e+00
1.053599999999997205e+00 4.193818855388636635e+00
1.054599999999997095e+00 4.206594976153571253e+00
1.055599999999996985e+00 4.219343239638213561e+00
1.056599999999996875e+00 4.232064338996064379e+00
1.057599999999996765e+00 4.244759028845676241e+00
1.058599999999996655e+00 4.257428129731918531e+00
1.059599999999996545e+00 4.270072533156460182e+00
1.060599999999996434e+00 4.282693207255325873e+00
1.061599999999996324e+00 4.295291203211501596e+00
1.062599999999996214e+00 4.307867662503095829e+00
1.063599999999996104e+00 4.320423825101530113e+00
1.064599999999995994e+00 4.332961038750145377e+00
1.065599999999995884e+00 4.345480769472219507e+00
1.066599999999995774e+00 4.357984613478176783e+00
1.067599999999995664e+00 4.370474308848930178e+00
1.068599999999995553e+00 4.382951359431272564e+00
1.069599999999995443e+00 4.395416517431781855e+00
1.070599999999995333e+00 4.407870495771655683e+00
1.071599999999995223e+00 4.420314092261740768e+00
1.072599999999995113e+00 4.432748201327537885e+00
1.073599999999995003e+00 4.445173827577892922e+00
1.074599999999994893e+00 4.457592101552544150e+00
1.075599999999994782e+00 4.470004298048083413e+00
1.076599999999994672e+00 4.482411857497584862e+00
1.077599999999994562e+00 4.494816410965906783e+00
1.078599999999994452e+00 4.507219809421918910e+00
1.079599999999994342e+00 4.519624158055934871e+00
1.080599999999994232e+00 4.532031856522435120e+00
1.081599999999994122e+00 4.544445646091384461e+00
1.082599999999994012e+00 4.556868664765390875e+00
1.083599999999993901e+00 4.569304511427722204e+00
1.084599999999993791e+00 4.581757319960805930e+00
1.085599999999993681e+00 4.594231843910392854e+00
1.086599999999993571e+00 4.606733551485033828e+00
1.087599999999993461e+00 4.619268729182326894e+00
1.088599999999993351e+00 4.631844589650050636e+00
1.089599999999993241e+00 4.644469374766620362e+00
1.090599999999993130e+00 4.657152437172059400e+00
1.091599999999993020e+00 4.669904270746835451e+00
1.092599999999992910e+00 4.682736439996724620e+00
1.093599999999992800e+00 4.695678875636813743e+00
1.094599999999992690e+00 4.708770156594859202e+00
1.095599999999992580e+00 4.722019777722596956e+00
1.096599999999992470e+00 4.735463304723123379e+00
1.097599999999992360e+00 4.749152928069958257e+00
1.098599999999992249e+00 4.763167886160825759e+00
1.099599999999992139e+00 4.777639666910372007e+00
1.100599999999992029e+00 4.791916634325446012e+00
1.101599999999991919e+00 4.805148977613656669e+00
1.102599999999991809e+00 4.817647294046736306e+00
1.103599999999991699e+00 4.829637598195963832e+00
1.104599999999991589e+00 4.840994836067393337e+00
1.105599999999991478e+00 4.847940426951050874e+00
1.106599999999991368e+00 4.853977647344070334e+00
1.107599999999991258e+00 4.860064959341884538e+00
1.108599999999991148e+00 4.866087784437862496e+00
1.109599999999991038e+00 4.871982856700494580e+00
1.110599999999990928e+00 4.879261010012071687e+00
1.111599999999990818e+00 4.884850169797987363e+00
1.112599999999990708e+00 4.888437835626784356e+00
1.113599999999990597e+00 4.893356779391353939e+00
1.114599999999990487e+00 4.897963375011353371e+00
1.115599999999990377e+00 4.902275147057221893e+00
1.116599999999990267e+00 4.906324592528462425e+00
1.117599999999990157e+00 4.912020179303639544e+00
1.118599999999990047e+00 4.917806279707841455e+00
1.119599999999989937e+00 4.923517389344021389e+00
1.120599999999989826e+00 4.929276760421227976e+00
1.121599999999989716e+00 4.935021547780205964e+00
1.122599999999989606e+00 4.940707693415051338e+00
1.123599999999989496e+00 4.946321851507095246e+00
1.124599999999989386e+00 4.951886143539155682e+00
1.125599999999989276e+00 4.957399798128098389e+00
1.126599999999989166e+00 4.962302100548386719e+00
1.127599999999989056e+00 4.964903177531120093e+00
1.128599999999988945e+00 4.967418205790629315e+00
1.129599999999988835e+00 4.969826986891068721e+00
1.130599999999988725e+00 4.972133355587679659e+00
1.131599999999988615e+00 4.974390460912927026e+00
1.132599999999988505e+00 4.976605585680234256e+00
1.133599999999988395e+00 4.978797722952846172e+00
1.134599999999988285e+00 4.980894398687002678e+00
1.135599999999988174e+00 4.982813193697795739e+00
1.136599999999988064e+00 4.984642863366078203e+00
1.137599999999987954e+00 4.986398314826866240e+00
1.138599999999987844e+00 4.988084890835648544e+00
1.139599999999987734e+00 4.989707431214572608e+00
1.140599999999987624e+00 4.991270348484984076e+00
1.141599999999987514e+00 4.992777694445810432e+00
1.142599999999987403e+00 4.994233212678123479e+00
1.143599999999987293e+00 4.995640377496683548e+00
1.144599999999987183e+00 4.997002422033510527e+00
1.145599999999987073e+00 4.998322358516609221e+00
1.146599999999986963e+00 5.000778589190102430e+00
1.147599999999986853e+00 5.003866902095565727e+00
1.148599999999986743e+00 5.006744343674480291e+00
1.149599999999986633e+00 5.009377658673543898e+00
1.150599999999986522e+00 5.011740190925085159e+00
1.151599999999986412e+00 5.013816580514390608e+00
1.152599999999986302e+00 5.015606997999769057e+00
1.153599999999986192e+00 5.017130152832422141e+00
1.154599999999986082e+00 5.018424758147591369e+00
1.155599999999985972e+00 5.019224777491166023e+00
1.156599999999985862e+00 5.019491815209068619e+00
1.157599999999985751e+00 5.019746622731275032e+00
1.158599999999985641e+00 5.019988995725686465e+00
1.159599999999985531e+00 5.020222342119597947e+00
1.160599999999985421e+00 5.021046659937624668e+00
1.161599999999985311e+00 5.021741446396720043e+00
1.162599999999985201e+00 5.022314555240750877e+00
1.163599999999985091e+00 5.022623883002823142e+00
1.164599999999984981e+00 5.023033116819530797e+00
1.165599999999984870e+00 5.023357387691659959e+00
1.166599999999984760e+00 5.023609851271293891e+00
1.167599999999984650e+00 5.023805864111200670e+00
1.168599999999984540e+00 5.023962655629286900e+00
1.169599999999984430e+00 5.024098782297496513e+00
1.170599999999984320e+00 5.024233983037823315e+00
1.171599999999984210e+00 5.024389524953467578e+00
1.172599999999984099e+00 5.024588665514348129e+00
1.173599999999983989e+00 5.024737900584073991e+00
1.174599999999983879e+00 5.024906741858120363e+00
1.175599999999983769e+00 5.025174218505735979e+00
1.176599999999983659e+00 5.025655408739446273e+00
1.177599999999983549e+00 5.030981552601181406e+00
1.178599999999983439e+00 5.030735207486230820e+00
1.179599999999983329e+00 5.041121562372140374e+00
1.180599999999983218e+00 5.067654093543097815e+00
1.181599999999983108e+00 5.083354126680777796e+00
1.182599999999982998e+00 5.098279758141560869e+00
1.183599999999982888e+00 5.110173011896145923e+00
1.184599999999982778e+00 5.121686194781007728e+00
1.185599999999982668e+00 5.131895819877823506e+00
1.186599999999982558e+00 5.141973543383504541e+00
1.187599999999982447e+00 5.151774821587253861e+00
1.188599999999982337e+00 5.161049289600183165e+00
1.189599999999982227e+00 5.169895434121652755e+00
1.190599999999982117e+00 5.178392170540723427e+00
1.191599999999982007e+00 5.186602434354858460e+00
1.192599999999981897e+00 5.194576494849394876e+00
1.193599999999981787e+00 5.202354695630632797e+00
1.194599999999981677e+00 5.209969620731005335e+00
1.195599999999981566e+00 5.216599470662223403e+00
1.196599999999981456e+00 5.221466778585609703e+00
1.197599999999981346e+00 5.226446903036864988e+00
1.198599999999981236e+00 5.231579742126351462e+00
1.199599999999981126e+00 5.236878913322421170e+00
1.200599999999981016e+00 5.242335816168752771e+00
1.201599999999980906e+00 5.248592746967453593e+00
1.202599999999980795e+00 5.256222522110752138e+00
1.203599999999980685e+00 5.263631772128798403e+00
1.204599999999980575e+00 5.270758441006824668e+00
1.205599999999980465e+00 5.277563486569244233e+00
1.206599999999980355e+00 5.284029917729606396e+00
1.207599999999980245e+00 5.290157615183856521e+00
1.208599999999980135e+00 5.295957379738016613e+00
1.209599999999980025e+00 5.301452784550699349e+00
1.210599999999979914e+00 5.306673144088561500e+00
1.211599999999979804e+00 5.311650186033038068e+00
1.212599999999979694e+00 5.316416846309359734e+00
1.213599999999979584e+00 5.321005661472767656e+00
1.214599999999979474e+00 5.325447610050952463e+00
1.215599999999979364e+00 5.329771343900917557e+00
1.216599999999979254e+00 5.334002742582125478e+00
1.217599999999979143e+00 5.338164721903417842e+00
1.218599999999979033e+00 5.342277231387381420e+00
1.219599999999978923e+00 5.346357382916028911e+00
1.220599999999978813e+00 5.350419662532708287e+00
1.221599999999978703e+00 5.354476187696667999e+00
1.222599999999978593e+00 5.358536982040789098e+00
1.223599999999978483e+00 5.363829965140179290e+00
1.224599999999978373e+00 5.369175338021912935e+00
1.225599999999978262e+00 5.374572808903236520e+00
1.226599999999978152e+00 5.380020633172707178e+00
1.227599999999978042e+00 5.385515490116368653e+00
1.228599999999977932e+00 5.391052453722796400e+00
1.229599999999977822e+00 5.396625042695239571e+00
1.230599999999977712e+00 5.400852602442075323e+00
1.231599999999977602e+00 5.404874736482335962e+00
1.232599999999977491e+00 5.409133554571564417e+00
1.233599999999977381e+00 5.413696148029712774e+00
1.234599999999977271e+00 5.418605726337323958e+00
1.235599999999977161e+00 5.423885217951088578e+00
1.236599999999977051e+00 5.429541036985949809e+00
1.237599999999976941e+00 5.435566604216881537e+00
1.238599999999976831e+00 5.441945440682856017e+00
1.239599999999976720e+00 5.448653830743516835e+00
1.240599999999976610e+00 5.455663124578639334e+00
1.241599999999976500e+00 5.462941742787075228e+00
1.242599999999976390e+00 5.470456906320021240e+00
1.243599999999976280e+00 5.478176033680721702e+00
1.244599999999976170e+00 5.486067242934304922e+00
1.245599999999976060e+00 5.494100459850519869e+00
1.246599999999975950e+00 5.502248512650991685e+00
1.247599999999975839e+00 5.510487391215324493e+00
1.248599999999975729e+00 5.518796277123527716e+00
1.249599999999975619e+00 5.527157416088504860e+00
1.250599999999975509e+00 5.535555886441763107e+00
1.251599999999975399e+00 5.543979309168781455e+00
1.252599999999975289e+00 5.552417534713300462e+00
1.253599999999975179e+00 5.560862323650107797e+00
1.254599999999975068e+00 5.569307011121077622e+00
1.255599999999974958e+00 5.577746291561295422e+00
1.256599999999974848e+00 5.586173067712746132e+00
1.257599999999974738e+00 5.594570185462285572e+00
1.258599999999974628e+00 5.602944316359769417e+00
1.259599999999974518e+00 5.611292864382898316e+00
1.260599999999974408e+00 5.619653579248014452e+00
1.261599999999974298e+00 5.628007713935831546e+00
1.262599999999974187e+00 5.636349432166896989e+00
1.263599999999974077e+00 5.644678556487578547e+00
1.264599999999973967e+00 5.652990566720933252e+00
1.265599999999973857e+00 5.661284814922633579e+00
1.266599999999973747e+00 5.669560820864791850e+00
1.267599999999973637e+00 5.677818241107765118e+00
1.268599999999973527e+00 5.686056843301390273e+00
1.269599999999973416e+00 5.694276484898171731e+00
1.270599999999973306e+00 5.702435919156545907e+00
1.271599999999973196e+00 5.710574620965091164e+00
1.272599999999973086e+00 5.718693377426424362e+00
1.273599999999972976e+00 5.726792554917858880e+00
1.274599999999972866e+00 5.734872511224522462e+00
1.275599999999972756e+00 5.742930938200164093e+00
1.276599999999972646e+00 5.750970391815355853e+00
1.277599999999972535e+00 5.758991733443020067e+00
1.278599999999972425e+00 5.766995275836517720e+00
1.279599999999972315e+00 5.774981317505494260e+00
1.280599999999972205e+00 5.782950143318164038e+00
1.281599999999972095e+00 5.790902025230930228e+00
1.282599999999971985e+00 5.798837223098504801e+00
1.283599999999971875e+00 5.806755985529006736e+00
1.284599999999971764e+00 5.814658550757533462e+00
1.285599999999971654e+00 5.822545147518219721e+00
1.286599999999971544e+00 5.830416039932706518e+00
1.287599999999971434e+00 5.838279400327234470e+00
1.288599999999971324e+00 5.846127287446856613e+00
1.289599999999971214e+00 5.853959894035242861e+00
1.290599999999971104e+00 5.861777408550848278e+00
1.291599999999970994e+00 5.869580015679740193e+00
1.292599999999970883e+00 5.877367896828570082e+00
1.293599999999970773e+00 5.885141230595192674e+00
1.294599999999970663e+00 5.892900193215297122e+00
1.295599999999970553e+00 5.900644958984281985e+00
1.296599999999970443e+00 5.908375700661472330e+00
1.297599999999970333e+00 5.916092718514882165e+00
1.298599999999970223e+00 5.923796759408956447e+00
1.299599999999970112e+00 5.931488647488146526e+00
1.300599999999970002e+00 5.939169182532594959e+00
1.301599999999969892e+00 5.946839141399536288e+00
1.302599999999969782e+00 5.954499279347976959e+00
1.303599999999969672e+00 5.962150331255488211e+00
1.304599999999969562e+00 5.969793012735184590e+00
1.305599999999969452e+00 5.977428021160545057e+00
1.306599999999969342e+00 5.985056036605387320e+00
1.307599999999969231e+00 5.992677722705302301e+00
1.308599999999969121e+00 6.000293727447153280e+00
1.309599999999969011e+00 6.007904683891887920e+00
1.310599999999968901e+00 6.015511210836415046e+00
1.311599999999968791e+00 6.023113998556599569e+00
1.312599999999968681e+00 6.030713755198064518e+00
1.313599999999968571e+00 6.038310855591173976e+00
1.314599999999968460e+00 6.045905867806061096e+00
1.315599999999968350e+00 6.053499348179187223e+00
1.316599999999968240e+00 6.061091841700211091e+00
1.317599999999968130e+00 6.068683882365158766e+00
1.318599999999968020e+00 6.076275993498869710e+00
1.319599999999967910e+00 6.083868688049292039e+00
1.320599999999967800e+00 6.091462468856034818e+00
1.321599999999967689e+00 6.099057828895505295e+00
1.322599999999967579e+00 6.106655251504497173e+00
1.323599999999967469e+00 6.114255210584387257e+00
1.324599999999967359e+00 6.121858170787492170e+00
1.325599999999967249e+00 6.129464587687275312e+00
1.326599999999967139e+00 6.137074907933952161e+00
1.327599999999967029e+00 6.144689569396811990e+00
1.328599999999966919e+00 6.152309001294486990e+00
1.329599999999966808e+00 6.159933624314464673e+00
1.330599999999966698e+00 6.167563850722824093e+00
1.331599999999966588e+00 6.175200084465165773e+00
1.332599999999966478e+00 6.182842721259818042e+00
1.333599999999966368e+00 6.190492148683910401e+00
1.334599999999966258e+00 6.198148746253334451e+00
1.335599999999966148e+00 6.205812885497132392e+00
1.336599999999966037e+00 6.213484930027034281e+00
1.337599999999965927e+00 6.221165235602802213e+00
1.338599999999965817e+00 6.228854150193792627e+00
1.339599999999965707e+00 6.236552009790378825e+00
