1.029599999999999849e+00 1.751549703286229054e+00
1.030599999999999739e+00 1.760473389529462196e+00
1.031599999999999628e+00 1.769365183125087171e+00
1.032599999999999518e+00 1.778225475081962159e+00
1.033599999999999408e+00 1.787054650670538258e+00
1.034599999999999298e+00 1.795902233650622293e+00
1.035599999999999188e+00 1.804830143548961097e+00
1.036599999999999078e+00 1.813713820547909528e+00
1.037599999999998968e+00 1.822553692344950349e+00
1.038599999999998857e+00 1.831350194157738365e+00
1.039599999999998747e+00 1.840103770864824462e+00
1.040599999999998637e+00 1.848814879868348804e+00
1.041599999999998527e+00 1.857483994846449882e+00
1.042599999999998417e+00 1.866111610602862569e+00
1.043599999999998307e+00 1.874698249271878225e+00
1.044599999999998197e+00 1.883244468200904187e+00
1.045599999999998087e+00 1.891750869915179045e+00
1.046599999999997976e+00 1.900218114675112702e+00
1.047599999999997866e+00 1.908646936274287498e+00
1.048599999999997756e+00 1.917038161905874283e+00
1.049599999999997646e+00 1.925392679891167802e+00
1.050599999999997536e+00 1.933710666302321357e+00
1.051599999999997426e+00 1.941991802561050307e+00
1.052599999999997316e+00 1.950235959117641471e+00
1.053599999999997205e+00 1.958443271603028002e+00
1.054599999999997095e+00 1.966614215435698476e+00
1.055599999999996985e+00 1.974749700315318712e+00
1.056599999999996875e+00 1.982851190710551492e+00
1.057599999999996765e+00 1.990920860641197443e+00
1.058599999999996655e+00 1.998942960421445036e+00
1.059599999999996545e+00 2.006935631200742698e+00
1.060599999999996434e+00 2.014935142834775483e+00
1.061599999999996324e+00 2.022946426113850116e+00
1.062599999999996214e+00 2.030975560289958182e+00
1.063599999999996104e+00 2.039029519946567781e+00
1.064599999999995994e+00 2.047109766405982967e+00
1.065599999999995884e+00 2.055167453964358515e+00
1.066599999999995774e+00 2.063210506271900613e+00
1.067599999999995664e+00 2.071237483663619372e+00
1.068599999999995553e+00 2.079247036798348880e+00
1.069599999999995443e+00 2.087238202939831311e+00
1.070599999999995333e+00 2.095210002136813188e+00
1.071599999999995223e+00 2.103161364216466822e+00
1.072599999999995113e+00 2.111086267859979770e+00
1.073599999999995003e+00 2.118981221067089749e+00
1.074599999999994893e+00 2.126851150759035747e+00
1.075599999999994782e+00 2.134694347624673583e+00
1.076599999999994672e+00 2.142508925514308160e+00
1.077599999999994562e+00 2.150292799800991084e+00
1.078599999999994452e+00 2.169353854912921875e+00
1.079599999999994342e+00 2.176829210256562952e+00
1.080599999999994232e+00 2.184221757935981501e+00
1.081599999999994122e+00 2.191530624783265324e+00
1.082599999999994012e+00 2.198755112770691689e+00
1.083599999999993901e+00 2.205894700104845008e+00
1.084599999999993791e+00 2.212949031014184165e+00
1.085599999999993681e+00 2.220389115726583817e+00
1.086599999999993571e+00 2.227752053958891310e+00
1.087599999999993461e+00 2.235923750253594022e+00
1.088599999999993351e+00 2.247035096806697219e+00
1.089599999999993241e+00 2.242601771840962321e+00
1.090599999999993130e+00 2.252987831928583873e+00
1.091599999999993020e+00 2.262525764144284857e+00
1.092599999999992910e+00 2.270802227075277457e+00
1.093599999999992800e+00 2.277761057340942585e+00
1.094599999999992690e+00 2.283900025300408032e+00
1.095599999999992580e+00 2.290409744428565375e+00
1.096599999999992470e+00 2.297568138868956833e+00
1.097599999999992360e+00 2.305190897331731659e+00
1.098599999999992249e+00 2.314405139413157730e+00
1.099599999999992139e+00 2.323786037231916346e+00
1.100599999999992029e+00 2.330085949298291048e+00
1.101599999999991919e+00 2.323794305341908117e+00
1.102599999999991809e+00 2.323421506639792966e+00
1.103599999999991699e+00 2.325730947147739425e+00
1.104599999999991589e+00 2.331279322492010753e+00
1.105599999999991478e+00 2.362406845425796931e+00
1.106599999999991368e+00 2.369468851679948251e+00
1.107599999999991258e+00 2.370886596642251654e+00
1.108599999999991148e+00 2.368567706611329093e+00
1.109599999999991038e+00 2.371281919941944594e+00
1.110599999999990928e+00 2.377365522433949607e+00
1.111599999999990818e+00 2.383965151115338799e+00
1.112599999999990708e+00 2.390726253468574924e+00
1.113599999999990597e+00 2.397973952681205390e+00
1.114599999999990487e+00 2.405614785170270942e+00
1.115599999999990377e+00 2.413227231958282815e+00
1.116599999999990267e+00 2.420796994383640488e+00
1.117599999999990157e+00 2.420047465027534095e+00
1.118599999999990047e+00 2.426547004127763252e+00
1.119599999999989937e+00 2.436328922127015240e+00
1.120599999999989826e+00 2.450043159900801903e+00
1.121599999999989716e+00 2.470523171794549722e+00
1.122599999999989606e+00 2.504192997380387808e+00
1.123599999999989496e+00 2.512804320939814762e+00
1.124599999999989386e+00 2.466382263497221672e+00
1.125599999999989276e+00 2.473236348793527384e+00
1.126599999999989166e+00 2.488794220788728140e+00
1.127599999999989056e+00 2.495697836217244614e+00
1.128599999999988945e+00 2.502557880101512922e+00
1.129599999999988835e+00 2.509344416114068999e+00
1.130599999999988725e+00 2.516030161026796996e+00
1.131599999999988615e+00 2.522589634140504522e+00
1.132599999999988505e+00 2.529003868099616525e+00
1.133599999999988395e+00 2.535259527264502211e+00
1.134599999999988285e+00 2.541345209381770776e+00
1.135599999999988174e+00 2.547251557013002987e+00
1.136599999999988064e+00 2.552971457799548372e+00
1.137599999999987954e+00 2.558500192994942246e+00
1.138599999999987844e+00 2.563835506981596346e+00
1.139599999999987734e+00 2.568977583637683804e+00
1.140599999999987624e+00 2.573928929435885138e+00
1.141599999999987514e+00 2.578694174842949050e+00
1.142599999999987403e+00 2.583279813226285526e+00
1.143599999999987293e+00 2.587693899812690823e+00
1.144599999999987183e+00 2.591945732979016093e+00
1.145599999999987073e+00 2.596045537387100310e+00
1.146599999999986963e+00 2.603703578521813000e+00
1.147599999999986853e+00 2.611610224607821884e+00
1.148599999999986743e+00 2.610696866508297020e+00
1.149599999999986633e+00 2.608465853131523460e+00
1.150599999999986522e+00 2.609402281277557023e+00
1.151599999999986412e+00 2.611930457756985291e+00
1.152599999999986302e+00 2.615462339754070165e+00
1.153599999999986192e+00 2.619844106342291923e+00
1.154599999999986082e+00 2.625135370077154917e+00
1.155599999999985972e+00 2.630547340790535316e+00
1.156599999999985862e+00 2.634984895810743133e+00
1.157599999999985751e+00 2.639845196958831686e+00
1.158599999999985641e+00 2.645764529775358032e+00
1.159599999999985531e+00 2.651222693525570495e+00
1.160599999999985421e+00 2.652665860451222990e+00
1.161599999999985311e+00 2.653870389043284650e+00
1.162599999999985201e+00 2.654312797882266040e+00
1.163599999999985091e+00 2.652469489413077586e+00
1.164599999999984981e+00 2.657129494662929581e+00
1.165599999999984870e+00 2.664098814137010773e+00
1.166599999999984760e+00 2.671331549863134924e+00
1.167599999999984650e+00 2.678025322165794364e+00
1.168599999999984540e+00 2.677640461772146097e+00
1.169599999999984430e+00 2.677241893973579145e+00
1.170599999999984320e+00 2.677930665517282538e+00
1.171599999999984210e+00 2.685069594807262927e+00
1.172599999999984099e+00 2.692454503665815402e+00
1.173599999999983989e+00 2.697268184988825368e+00
1.174599999999983879e+00 2.701119043638626316e+00
1.175599999999983769e+00 2.705326715549980054e+00
1.176599999999983659e+00 2.708566061617520226e+00
1.177599999999983549e+00 2.708850546051342789e+00
1.178599999999983439e+00 2.710583845767829736e+00
1.179599999999983329e+00 2.714143674684306617e+00
1.180599999999983218e+00 2.718434230983051592e+00
1.181599999999983108e+00 2.723026557520677571e+00
1.182599999999982998e+00 2.727767767464690518e+00
1.183599999999982888e+00 2.732663568222496675e+00
1.184599999999982778e+00 2.737717687775621744e+00
1.185599999999982668e+00 2.742948940382228251e+00
1.186599999999982558e+00 2.748323381215290961e+00
1.187599999999982447e+00 2.751819599309460518e+00
1.188599999999982337e+00 2.757031303394089417e+00
1.189599999999982227e+00 2.762415089148074099e+00
1.190599999999982117e+00 2.767984307400502608e+00
1.191599999999982007e+00 2.780247771119503053e+00
1.192599999999981897e+00 2.874327980910656777e+00
1.193599999999981787e+00 2.901884955557499701e+00
1.194599999999981677e+00 2.927302699533624875e+00
1.195599999999981566e+00 2.948479262245790267e+00
1.196599999999981456e+00 2.965906311321353073e+00
1.197599999999981346e+00 2.978891271210201808e+00
1.198599999999981236e+00 2.991253858017133282e+00
1.199599999999981126e+00 3.003664720013958345e+00
1.200599999999981016e+00 3.017072522604177465e+00
1.201599999999980906e+00 3.032647554360742959e+00
1.202599999999980795e+00 3.052371111263919801e+00
1.203599999999980685e+00 3.072382449914611513e+00
1.204599999999980575e+00 3.093878661653233664e+00
1.205599999999980465e+00 3.110669923629711064e+00
1.206599999999980355e+00 3.128122893239611457e+00
1.207599999999980245e+00 3.146232561980941256e+00
1.208599999999980135e+00 3.164814869471337389e+00
1.209599999999980025e+00 3.186226217899045920e+00
1.210599999999979914e+00 3.209629029274477574e+00
1.211599999999979804e+00 3.232552428087444696e+00
1.212599999999979694e+00 3.254972007320379390e+00
1.213599999999979584e+00 3.276891335940733896e+00
1.214599999999979474e+00 3.298332181646564720e+00
1.215599999999979364e+00 3.319326898434162842e+00
1.216599999999979254e+00 3.339912979541525218e+00
1.217599999999979143e+00 3.360129415172847800e+00
1.218599999999979033e+00 3.380014411372657790e+00
1.219599999999978923e+00 3.399604069795945094e+00
1.220599999999978813e+00 3.418931712465592909e+00
1.221599999999978703e+00 3.438027620533620876e+00
1.222599999999978593e+00 3.456919026506277248e+00
1.223599999999978483e+00 3.472723658379251788e+00
1.224599999999978373e+00 3.488591583632274506e+00
1.225599999999978262e+00 3.504519033600999478e+00
1.226599999999978152e+00 3.520501252228068978e+00
1.227599999999978042e+00 3.536532081092360613e+00
1.228599999999977932e+00 3.552603384726435110e+00
1.229599999999977822e+00 3.568704140224763677e+00
1.230599999999977712e+00 3.586989858386743890e+00
1.231599999999977602e+00 3.605672752528189307e+00
1.232599999999977491e+00 3.624180434019109498e+00
1.233599999999977381e+00 3.642512588214579239e+00
1.234599999999977271e+00 3.660675338051643024e+00
1.235599999999977161e+00 3.678676663755599208e+00
1.236599999999977051e+00 3.696523987077807050e+00
1.237599999999976941e+00 3.714223002660308026e+00
1.238599999999976831e+00 3.731777184924336410e+00
1.239599999999976720e+00 3.749187634564673743e+00
1.240599999999976610e+00 3.766453075918668958e+00
1.241599999999976500e+00 3.783569904092672687e+00
1.242599999999976390e+00 3.800532231180728360e+00
1.243599999999976280e+00 3.817332051419445094e+00
1.244599999999976170e+00 3.833525475855388720e+00
1.245599999999976060e+00 3.848289771170339435e+00
1.246599999999975950e+00 3.861738988834204633e+00
1.247599999999975839e+00 3.873977039552528367e+00
1.248599999999975729e+00 3.886955592879221655e+00
1.249599999999975619e+00 3.901685046010854307e+00
1.250599999999975509e+00 3.916214749697175534e+00
1.251599999999975399e+00 3.930533318100483342e+00
1.252599999999975289e+00 3.944626920691163718e+00
1.253599999999975179e+00 3.958478866215386915e+00
1.254599999999975068e+00 3.963005599357504849e+00
1.255599999999974958e+00 3.947342570009773510e+00
1.256599999999974848e+00 3.925702443685542775e+00
1.257599999999974738e+00 4.031748979882529227e+00
1.258599999999974628e+00 4.034358751414519162e+00
1.259599999999974518e+00 4.022504097383031052e+00
1.260599999999974408e+00 4.020813700962559523e+00
1.261599999999974298e+00 4.017387904722831138e+00
1.262599999999974187e+00 4.012175812110015727e+00
1.263599999999974077e+00 4.005018109218463351e+00
1.264599999999973967e+00 3.996182956824140931e+00
1.265599999999973857e+00 3.985945491252889994e+00
1.266599999999973747e+00 3.975501997832829204e+00
1.267599999999973637e+00 3.971077803977145493e+00
1.268599999999973527e+00 3.819827372201032745e+00
1.269599999999973416e+00 3.801918939200719549e+00
1.270599999999973306e+00 3.786603193321157690e+00
1.271599999999973196e+00 3.776171208581358130e+00
1.272599999999973086e+00 3.769509487054502728e+00
1.273599999999972976e+00 3.763194325390108119e+00
1.274599999999972866e+00 3.757260868461543168e+00
1.275599999999972756e+00 3.751735644012962112e+00
1.276599999999972646e+00 3.746637374192281378e+00
1.277599999999972535e+00 3.741977835172304090e+00
1.278599999999972425e+00 3.737762725989163037e+00
1.279599999999972315e+00 3.733992516589595745e+00
1.280599999999972205e+00 3.730641901034578822e+00
1.281599999999972095e+00 3.727427167231259553e+00
1.282599999999971985e+00 3.724764884483255045e+00
1.283599999999971875e+00 3.722619376865563545e+00
1.284599999999971764e+00 3.720955734162788353e+00
1.285599999999971654e+00 3.719740163197920779e+00
1.286599999999971544e+00 3.718940228773967682e+00
1.287599999999971434e+00 3.718525008250298747e+00
1.288599999999971324e+00 3.718465179450259228e+00
1.289599999999971214e+00 3.718733057854847424e+00
1.290599999999971104e+00 3.719302595869223182e+00
1.291599999999970994e+00 3.720149354309835843e+00
1.292599999999970883e+00 3.721390997970677184e+00
1.293599999999970773e+00 3.722972152695528614e+00
1.294599999999970663e+00 3.724795366735455193e+00
1.295599999999970553e+00 3.726829597297298680e+00
1.296599999999970443e+00 3.729043098144042112e+00
1.297599999999970333e+00 3.731412498288112722e+00
1.298599999999970223e+00 3.733914437512927176e+00
1.299599999999970112e+00 3.736527561808341336e+00
1.300599999999970002e+00 3.739232811483224950e+00
1.301599999999969892e+00 3.742013118614416545e+00
1.302599999999969782e+00 3.744853150154991095e+00
1.303599999999969672e+00 3.747739089093278686e+00
1.304599999999969562e+00 3.750658447429718656e+00
1.305599999999969452e+00 3.753599905848528540e+00
1.306599999999969342e+00 3.756572220228287406e+00
1.307599999999969231e+00 3.759561473477374793e+00
1.308599999999969121e+00 3.762542210888206284e+00
1.309599999999969011e+00 3.765506630623647766e+00
1.310599999999968901e+00 3.768447597840178798e+00
1.311599999999968791e+00 3.771358570530257914e+00
1.312599999999968681e+00 3.774233535268621598e+00
1.313599999999968571e+00 3.777066951380369630e+00
1.314599999999968460e+00 3.779853702292043316e+00
1.315599999999968350e+00 3.782589053026925718e+00
1.316599999999968240e+00 3.785268612970835278e+00
1.317599999999968130e+00 3.787888303170883653e+00
1.318599999999968020e+00 3.790444327543365688e+00
1.319599999999967910e+00 3.792933147460844090e+00
1.320599999999967800e+00 3.795351459267848782e+00
1.321599999999967689e+00 3.797696174340226882e+00
1.322599999999967579e+00 3.799964401359135824e+00
1.323599999999967469e+00 3.802153430517288601e+00
1.324599999999967359e+00 3.804260719414680914e+00
1.325599999999967249e+00 3.806283880434709666e+00
1.326599999999967139e+00 3.808220669419910109e+00
1.327599999999967029e+00 3.810068975491102350e+00
1.328599999999966919e+00 3.811826811874286847e+00
1.329599999999966808e+00 3.813492307617423194e+00
1.330599999999966698e+00 3.815063700094633248e+00
1.331599999999966588e+00 3.816539328208181647e+00
1.332599999999966478e+00 3.817917626210214355e+00
1.333599999999966368e+00 3.819197118075660757e+00
1.334599999999966258e+00 3.820376412366401020e+00
1.335599999999966148e+00 3.821454197533936892e+00
1.336599999999966037e+00 3.822429237614180408e+00
1.337599999999965927e+00 3.823300368273553129e+00
1.338599999999965817e+00 3.824066493170376280e+00
1.339599999999965707e+00 3.824726612797510583e+00
