1.029599999999999849e+00 2.858489592734069884e+00
1.030599999999999739e+00 2.860224191277170647e+00
1.031599999999999628e+00 2.861965992317036189e+00
1.032599999999999518e+00 2.863714894553495149e+00
1.033599999999999408e+00 2.865470793416577955e+00
1.034599999999999298e+00 2.867233581124106312e+00
1.035599999999999188e+00 2.869003146752024058e+00
1.036599999999999078e+00 2.870779376319236409e+00
1.037599999999998968e+00 2.872562152889025278e+00
1.038599999999998857e+00 2.874351356689391235e+00
1.039599999999998747e+00 2.876146865254976426e+00
1.040599999999998637e+00 2.877948553593648651e+00
1.041599999999998527e+00 2.879756294381252246e+00
1.042599999999998417e+00 2.881569958188518132e+00
1.043599999999998307e+00 2.883389413744794183e+00
1.044599999999998197e+00 2.885214528243903676e+00
1.045599999999998087e+00 2.887045167698249593e+00
1.046599999999997976e+00 2.888881197348285301e+00
1.047599999999997866e+00 2.890722482135489990e+00
1.048599999999997756e+00 2.892568887248376797e+00
1.049599999999997646e+00 2.894420284473974814e+00
1.050599999999997536e+00 2.896276633224357244e+00
1.051599999999997426e+00 2.898137963014420393e+00
1.052599999999997316e+00 2.900004310346973924e+00
1.053599999999997205e+00 2.901875717613207062e+00
1.054599999999997095e+00 2.903752233746441203e+00
1.055599999999996985e+00 2.905633914944799834e+00
1.056599999999996875e+00 2.907521112903549199e+00
1.057599999999996765e+00 2.909413375872092367e+00
1.058599999999996655e+00 2.911310519649324746e+00
1.059599999999996545e+00 2.913212572805561784e+00
1.060599999999996434e+00 2.915119570376070168e+00
1.061599999999996324e+00 2.917031554211839683e+00
1.062599999999996214e+00 2.918948573247144296e+00
1.063599999999996104e+00 2.920870683643969734e+00
1.064599999999995994e+00 2.922797948759475961e+00
1.065599999999995884e+00 2.924730438863855309e+00
1.066599999999995774e+00 2.926668230510541591e+00
1.067599999999995664e+00 2.928611405248430444e+00
1.068599999999995553e+00 2.930560010072878363e+00
1.069599999999995443e+00 2.932514006284851149e+00
1.070599999999995333e+00 2.934473338097844941e+00
1.071599999999995223e+00 2.936437941670140273e+00
1.072599999999995113e+00 2.938407742481874418e+00
1.073599999999995003e+00 2.940382593568492187e+00
1.074599999999994893e+00 2.942361432748754169e+00
1.075599999999994782e+00 2.944343813743526717e+00
1.076599999999994672e+00 2.946329212852044854e+00
1.077599999999994562e+00 2.948316975532669471e+00
1.078599999999994452e+00 2.950306285485710500e+00
1.079599999999994342e+00 2.952296126328190162e+00
1.080599999999994232e+00 2.954285233932783861e+00
1.081599999999994122e+00 2.956272036964021410e+00
1.082599999999994012e+00 2.958254582457525483e+00
1.083599999999993901e+00 2.960240300330514440e+00
1.084599999999993791e+00 2.962222169537953143e+00
1.085599999999993681e+00 2.964196410880394872e+00
1.086599999999993571e+00 2.966159728651593497e+00
1.087599999999993461e+00 2.968107919504224590e+00
1.088599999999993351e+00 2.970035600146828436e+00
1.089599999999993241e+00 2.971935855859280551e+00
1.090599999999993130e+00 2.973799797202731909e+00
1.091599999999993020e+00 2.975616024475736587e+00
1.092599999999992910e+00 2.977370032802846289e+00
1.093599999999992800e+00 2.978775826953986350e+00
1.094599999999992690e+00 2.979891759651611238e+00
1.095599999999992580e+00 2.980851092413327574e+00
1.096599999999992470e+00 3.001863036339967650e+00
1.097599999999992360e+00 3.005973562726748316e+00
1.098599999999992249e+00 3.009005795515041548e+00
1.099599999999992139e+00 3.010818060308870336e+00
1.100599999999992029e+00 3.013590241877889930e+00
1.101599999999991919e+00 3.016720067412081541e+00
1.102599999999991809e+00 3.019394702080124393e+00
1.103599999999991699e+00 3.021537833952959051e+00
1.104599999999991589e+00 3.023134720288374044e+00
1.105599999999991478e+00 3.023538937463676746e+00
1.106599999999991368e+00 3.023865037012037682e+00
1.107599999999991258e+00 3.024299221150736461e+00
1.108599999999991148e+00 3.025934653835050447e+00
1.109599999999991038e+00 3.026701295572777894e+00
1.110599999999990928e+00 3.027185472853965109e+00
1.111599999999990818e+00 3.027869703547058755e+00
1.112599999999990708e+00 3.015121484669500251e+00
1.113599999999990597e+00 3.016409857911407588e+00
1.114599999999990487e+00 3.018241971101819576e+00
1.115599999999990377e+00 3.020039613366442222e+00
1.116599999999990267e+00 3.021793154992547414e+00
1.117599999999990157e+00 3.045357493039710928e+00
1.118599999999990047e+00 3.045864600965344060e+00
1.119599999999989937e+00 3.046219136186484988e+00
1.120599999999989826e+00 3.046422343272948474e+00
1.121599999999989716e+00 3.046491984078613768e+00
1.122599999999989606e+00 3.046473392973481076e+00
1.123599999999989496e+00 3.046644810224683919e+00
1.124599999999989386e+00 3.047866331767236314e+00
1.125599999999989276e+00 3.048859063784731482e+00
1.126599999999989166e+00 3.050127056717497176e+00
1.127599999999989056e+00 3.051733120060125870e+00
1.128599999999988945e+00 3.053274650491657027e+00
1.129599999999988835e+00 3.054721531963672021e+00
1.130599999999988725e+00 3.055958837056394817e+00
1.131599999999988615e+00 3.057113373108996335e+00
1.132599999999988505e+00 3.058229871201185279e+00
1.133599999999988395e+00 3.059244190360020710e+00
1.134599999999988285e+00 3.060279329211947008e+00
1.135599999999988174e+00 3.061430927167732019e+00
1.136599999999988064e+00 3.062518899926017113e+00
1.137599999999987954e+00 3.063551925999851377e+00
1.138599999999987844e+00 3.064537968869995410e+00
1.139599999999987734e+00 3.065484086950793774e+00
1.140599999999987624e+00 3.066396392343149202e+00
1.141599999999987514e+00 3.067280097533483296e+00
1.142599999999987403e+00 3.068139606122926466e+00
1.143599999999987293e+00 3.068978619268118546e+00
1.144599999999987183e+00 3.069800241413515263e+00
1.145599999999987073e+00 3.070348025643583334e+00
1.146599999999986963e+00 3.066967559361295503e+00
1.147599999999986853e+00 3.068159465176634626e+00
1.148599999999986743e+00 3.069456689060598986e+00
1.149599999999986633e+00 3.070856217103754560e+00
1.150599999999986522e+00 3.072354478312723902e+00
1.151599999999986412e+00 3.073946239932562996e+00
1.152599999999986302e+00 3.075622631314487876e+00
1.153599999999986192e+00 3.077368111565984776e+00
1.154599999999986082e+00 3.079101076559298100e+00
1.155599999999985972e+00 3.080084425822021466e+00
1.156599999999985862e+00 3.080283531807821440e+00
1.157599999999985751e+00 3.080556855491093593e+00
1.158599999999985641e+00 3.080943031635642093e+00
1.159599999999985531e+00 3.081466851308539479e+00
1.160599999999985421e+00 3.063139942515844982e+00
1.161599999999985311e+00 3.064367235098484077e+00
1.162599999999985201e+00 3.074850377821889857e+00
1.163599999999985091e+00 3.076751253984408407e+00
1.164599999999984981e+00 3.078488198778285501e+00
1.165599999999984870e+00 3.080228473075262485e+00
1.166599999999984760e+00 3.081948024076218040e+00
1.167599999999984650e+00 3.083620054045160597e+00
1.168599999999984540e+00 3.085218248496811366e+00
1.169599999999984430e+00 3.086718591193075678e+00
1.170599999999984320e+00 3.087424411524302137e+00
1.171599999999984210e+00 3.087641013431919212e+00
1.172599999999984099e+00 3.088116040297592235e+00
1.173599999999983989e+00 3.088868665947649639e+00
1.174599999999983879e+00 3.090190450042662462e+00
1.175599999999983769e+00 3.092080542945926602e+00
1.176599999999983659e+00 3.094158234391346962e+00
1.177599999999983549e+00 3.095793271044100070e+00
1.178599999999983439e+00 3.097234618522642702e+00
1.179599999999983329e+00 3.098702242489850267e+00
1.180599999999983218e+00 3.100156169168795550e+00
1.181599999999983108e+00 3.101570780636049296e+00
1.182599999999982998e+00 3.102932385816040028e+00
1.183599999999982888e+00 3.104235752995105457e+00
1.184599999999982778e+00 3.105480985290000717e+00
1.185599999999982668e+00 3.106671178697307134e+00
1.186599999999982558e+00 3.107810858028561718e+00
1.187599999999982447e+00 3.108905019251877011e+00
1.188599999999982337e+00 3.109958589534023154e+00
1.189599999999982227e+00 3.110976153097329888e+00
1.190599999999982117e+00 3.111961836184285790e+00
1.191599999999982007e+00 3.112919281784425785e+00
1.192599999999981897e+00 3.113830196932012129e+00
1.193599999999981787e+00 3.114696328471278974e+00
1.194599999999981677e+00 3.115548185999808872e+00
1.195599999999981566e+00 3.102022031523414825e+00
1.196599999999981456e+00 3.102531423743998928e+00
1.197599999999981346e+00 3.101728566586038127e+00
1.198599999999981236e+00 3.101111046342929001e+00
1.199599999999981126e+00 3.101889078009898881e+00
1.200599999999981016e+00 3.102696392978129936e+00
1.201599999999980906e+00 3.103760280472890987e+00
1.202599999999980795e+00 3.105069976082046601e+00
1.203599999999980685e+00 3.106366144429664189e+00
1.204599999999980575e+00 3.107654194469328335e+00
1.205599999999980465e+00 3.108936579461172300e+00
1.206599999999980355e+00 3.110294021909757678e+00
1.207599999999980245e+00 3.111672377643788678e+00
1.208599999999980135e+00 3.113047333690205143e+00
1.209599999999980025e+00 3.114418254710447975e+00
1.210599999999979914e+00 3.115784366484400714e+00
1.211599999999979804e+00 3.117144812544871968e+00
1.212599999999979694e+00 3.118498743902781811e+00
1.213599999999979584e+00 3.119845418761131306e+00
1.214599999999979474e+00 3.121368827986604089e+00
1.215599999999979364e+00 3.122924487734780818e+00
1.216599999999979254e+00 3.127327804592559435e+00
1.217599999999979143e+00 3.128337255864610089e+00
1.218599999999979033e+00 3.129346436940053877e+00
1.219599999999978923e+00 3.130356704141671997e+00
1.220599999999978813e+00 3.131369357854940194e+00
1.221599999999978703e+00 3.132385622894044985e+00
1.222599999999978593e+00 3.133406636497883646e+00
1.223599999999978483e+00 3.139764592625558848e+00
1.224599999999978373e+00 3.140573323734090927e+00
1.225599999999978262e+00 3.141397271277224235e+00
1.226599999999978152e+00 3.142237629930170417e+00
1.227599999999978042e+00 3.143094913714613359e+00
1.228599999999977932e+00 3.143968633763744691e+00
1.229599999999977822e+00 3.144730911029856912e+00
1.230599999999977712e+00 3.145722877600167777e+00
1.231599999999977602e+00 3.146820514765666488e+00
1.232599999999977491e+00 3.147934665245494035e+00
1.233599999999977381e+00 3.149027738274316590e+00
1.234599999999977271e+00 3.150143435086107946e+00
1.235599999999977161e+00 3.151281689065545510e+00
1.236599999999977051e+00 3.152467522254358112e+00
1.237599999999976941e+00 3.153729363354311310e+00
1.238599999999976831e+00 3.155013412783057802e+00
1.239599999999976720e+00 3.156317213626614659e+00
1.240599999999976610e+00 3.157638539180093851e+00
1.241599999999976500e+00 3.158975595964960803e+00
1.242599999999976390e+00 3.158727655272041357e+00
1.243599999999976280e+00 3.160270281663477121e+00
1.244599999999976170e+00 3.161820038756952833e+00
1.245599999999976060e+00 3.163265582502086115e+00
1.246599999999975950e+00 3.164720784250449448e+00
1.247599999999975839e+00 3.166114143653661728e+00
1.248599999999975729e+00 3.167655284495712209e+00
1.249599999999975619e+00 3.169318296511419053e+00
1.250599999999975509e+00 3.170981198242260213e+00
1.251599999999975399e+00 3.172755305166131023e+00
1.252599999999975289e+00 3.174535146499261717e+00
1.253599999999975179e+00 3.176290947883241955e+00
1.254599999999975068e+00 3.178019272691602115e+00
1.255599999999974958e+00 3.179737680144364198e+00
1.256599999999974848e+00 3.181446987256662418e+00
1.257599999999974738e+00 3.183147974801534552e+00
1.258599999999974628e+00 3.184841379042280263e+00
1.259599999999974518e+00 3.186527887461248376e+00
1.260599999999974408e+00 3.188179739289649817e+00
1.261599999999974298e+00 3.189805882341536503e+00
1.262599999999974187e+00 3.191432263542445469e+00
1.263599999999974077e+00 3.193058986914871777e+00
1.264599999999973967e+00 3.194686145750967654e+00
1.265599999999973857e+00 3.196313822518188630e+00
1.266599999999973747e+00 3.197942089093269047e+00
1.267599999999973637e+00 3.199571007221355678e+00
1.268599999999973527e+00 3.201200629122102903e+00
1.269599999999973416e+00 3.202830998184117206e+00
1.270599999999973306e+00 3.204461486663797931e+00
1.271599999999973196e+00 3.206085969936427471e+00
1.272599999999973086e+00 3.207711961639506004e+00
1.273599999999972976e+00 3.209339469054841132e+00
1.274599999999972866e+00 3.210968492522696671e+00
1.275599999999972756e+00 3.212599026285025694e+00
1.276599999999972646e+00 3.214231059270639346e+00
1.277599999999972535e+00 3.215864575820669202e+00
1.278599999999972425e+00 3.217499556354438628e+00
1.279599999999972315e+00 3.219135977977055862e+00
1.280599999999972205e+00 3.220773815030940845e+00
1.281599999999972095e+00 3.222413039594064443e+00
1.282599999999971985e+00 3.224053621928001601e+00
1.283599999999971875e+00 3.225695530879109540e+00
1.284599999999971764e+00 3.227693367486569098e+00
1.285599999999971654e+00 3.229309539653385297e+00
1.286599999999971544e+00 3.230927057913918432e+00
1.287599999999971434e+00 3.232545906494396881e+00
1.288599999999971324e+00 3.234166068957411433e+00
1.289599999999971214e+00 3.235787528391111501e+00
1.290599999999971104e+00 3.237410267577635725e+00
1.291599999999970994e+00 3.239034269142479161e+00
1.292599999999970883e+00 3.240659515686566294e+00
1.293599999999970773e+00 3.242285989902497612e+00
1.294599999999970663e+00 3.243913674676502268e+00
1.295599999999970553e+00 3.245542553177391376e+00
1.296599999999970443e+00 3.247172608934192795e+00
1.297599999999970333e+00 3.248803833672536001e+00
1.298599999999970223e+00 3.250436246513535465e+00
1.299599999999970112e+00 3.252069871523961986e+00
1.300599999999970002e+00 3.253704731566831931e+00
1.301599999999969892e+00 3.255338044324244784e+00
1.302599999999969782e+00 3.256971202789667785e+00
1.303599999999969672e+00 3.258604657666357429e+00
1.304599999999969562e+00 3.260238465677589126e+00
1.305599999999969452e+00 3.261872681030581145e+00
1.306599999999969342e+00 3.263507355589791992e+00
1.307599999999969231e+00 3.265142539035978952e+00
1.308599999999969121e+00 3.266778279012146236e+00
1.309599999999969011e+00 3.268414621257502262e+00
1.310599999999968901e+00 3.270051609730347586e+00
1.311599999999968791e+00 3.271689286720854462e+00
1.312599999999968681e+00 3.273327692954523638e+00
1.313599999999968571e+00 3.274966867687082228e+00
1.314599999999968460e+00 3.276606848791571380e+00
1.315599999999968350e+00 3.278247672838155324e+00
1.316599999999968240e+00 3.279889375167376109e+00
1.317599999999968130e+00 3.281531989957279460e+00
1.318599999999968020e+00 3.283175550284965993e+00
1.319599999999967910e+00 3.284820088183018960e+00
1.320599999999967800e+00 3.286465634691200677e+00
1.321599999999967689e+00 3.288112219903857270e+00
1.322599999999967579e+00 3.289759873013307079e+00
1.323599999999967469e+00 3.291408622349630164e+00
1.324599999999967359e+00 3.293058495417084952e+00
1.325599999999967249e+00 3.294709518927454450e+00
1.326599999999967139e+00 3.296361718830621346e+00
1.327599999999967029e+00 3.298015120342498552e+00
1.328599999999966919e+00 3.299669747970669587e+00
1.329599999999966808e+00 3.301325625537816943e+00
1.330599999999966698e+00 3.302982776203186255e+00
1.331599999999966588e+00 3.304641222482255003e+00
1.332599999999966478e+00 3.306300986264725239e+00
1.333599999999966368e+00 3.307962088831018388e+00
1.334599999999966258e+00 3.309624550867389381e+00
1.335599999999966148e+00 3.311288392479792897e+00
1.336599999999966037e+00 3.312953633206587867e+00
1.337599999999965927e+00 3.314620292030225457e+00
1.338599999999965817e+00 3.316288387387966274e+00
1.339599999999965707e+00 3.317957936817926168e+00
