1.029599999999999849e+00 2.928002920043493162e+00
1.030599999999999739e+00 2.933794564508986014e+00
1.031599999999999628e+00 2.939608560721829189e+00
1.032599999999999518e+00 2.945443964619404387e+00
1.033599999999999408e+00 2.951299793487490941e+00
1.034599999999999298e+00 2.957175025200965646e+00
1.035599999999999188e+00 2.963068597450377872e+00
1.036599999999999078e+00 2.968979406952453992e+00
1.037599999999998968e+00 2.974906308642333741e+00
1.038599999999998857e+00 2.980856461319852713e+00
1.039599999999998747e+00 2.986841688513679927e+00
1.040599999999998637e+00 2.992839142177357026e+00
1.041599999999998527e+00 2.998847473124746532e+00
1.042599999999998417e+00 3.004865293344211263e+00
1.043599999999998307e+00 3.010891175465158831e+00
1.044599999999998197e+00 3.016925751469590633e+00
1.045599999999998087e+00 3.022969400604003543e+00
1.046599999999997976e+00 3.029016571981149930e+00
1.047599999999997866e+00 3.035065678461464689e+00
1.048599999999997756e+00 3.041115092705517053e+00
1.049599999999997646e+00 3.047163185279619491e+00
1.050599999999997536e+00 3.053208869578905471e+00
1.051599999999997426e+00 3.059251489304373628e+00
1.052599999999997316e+00 3.065290392526149432e+00
1.053599999999997205e+00 3.071324921021168386e+00
1.054599999999997095e+00 3.077354411096620446e+00
1.055599999999996985e+00 3.083378194561666952e+00
1.056599999999996875e+00 3.089395599877764909e+00
1.057599999999996765e+00 3.095405953525292464e+00
1.058599999999996655e+00 3.101408581633516626e+00
1.059599999999996545e+00 3.107402811932759690e+00
1.060599999999996434e+00 3.113387976102185206e+00
1.061599999999996324e+00 3.119363412605149044e+00
1.062599999999996214e+00 3.125328470127424207e+00
1.063599999999996104e+00 3.131282511762798926e+00
1.064599999999995994e+00 3.137224920127258621e+00
1.065599999999995884e+00 3.143155103629690306e+00
1.066599999999995774e+00 3.149072504184944776e+00
1.067599999999995664e+00 3.154976607200679073e+00
1.068599999999995553e+00 3.160867053661100545e+00
1.069599999999995443e+00 3.166743782857467160e+00
1.070599999999995333e+00 3.172606858912294658e+00
1.071599999999995223e+00 3.178456459028538461e+00
1.072599999999995113e+00 3.184292895761556608e+00
1.073599999999995003e+00 3.190116644344512142e+00
1.074599999999994893e+00 3.195928376282051619e+00
1.075599999999994782e+00 3.201729000705392458e+00
1.076599999999994672e+00 3.207519715306370145e+00
1.077599999999994562e+00 3.213302069034527086e+00
1.078599999999994452e+00 3.219078039132030611e+00
1.079599999999994342e+00 3.224850125457426664e+00
1.080599999999994232e+00 3.230621465335071107e+00
1.081599999999994122e+00 3.236395972227108508e+00
1.082599999999994012e+00 3.242353598348581833e+00
1.083599999999993901e+00 3.248364487882322571e+00
1.084599999999993791e+00 3.254398214098933373e+00
1.085599999999993681e+00 3.260459235053713378e+00
1.086599999999993571e+00 3.266552458073963550e+00
1.087599999999993461e+00 3.272504330301348574e+00
1.088599999999993351e+00 3.278433741525513589e+00
1.089599999999993241e+00 3.284433675709251155e+00
1.090599999999993130e+00 3.290524124822142404e+00
1.091599999999993020e+00 3.296728300325436400e+00
1.092599999999992910e+00 3.302993280606980164e+00
1.093599999999992800e+00 3.309425827262029607e+00
1.094599999999992690e+00 3.315790367800239835e+00
1.095599999999992580e+00 3.322959708797568190e+00
1.096599999999992470e+00 3.330337072171704271e+00
1.097599999999992360e+00 3.337858977952110173e+00
1.098599999999992249e+00 3.345556344860982634e+00
1.099599999999992139e+00 3.353404132508964075e+00
1.100599999999992029e+00 3.361375845840292698e+00
1.101599999999991919e+00 3.369447956896625129e+00
1.102599999999991809e+00 3.377594079380966896e+00
1.103599999999991699e+00 3.385780918607816048e+00
1.104599999999991589e+00 3.394042187279532996e+00
1.105599999999991478e+00 3.399132242468353660e+00
1.106599999999991368e+00 3.403576400226326903e+00
1.107599999999991258e+00 3.408072463802676921e+00
1.108599999999991148e+00 3.412223957456459011e+00
1.109599999999991038e+00 3.415825376593217388e+00
1.110599999999990928e+00 3.419383430353972742e+00
1.111599999999990818e+00 3.422958673075273239e+00
1.112599999999990708e+00 3.426583132430428336e+00
1.113599999999990597e+00 3.430270069871707239e+00
1.114599999999990487e+00 3.434021612907213417e+00
1.115599999999990377e+00 3.437834732799185833e+00
1.116599999999990267e+00 3.441819055799172133e+00
1.117599999999990157e+00 3.448332752096841425e+00
1.118599999999990047e+00 3.455251097723958775e+00
1.119599999999989937e+00 3.462024029918502777e+00
1.120599999999989826e+00 3.468607763759873563e+00
1.121599999999989716e+00 3.474869309483603175e+00
1.122599999999989606e+00 3.481181267888000974e+00
1.123599999999989496e+00 3.487364310145808055e+00
1.124599999999989386e+00 3.493345810882753533e+00
1.125599999999989276e+00 3.499318759968045534e+00
1.126599999999989166e+00 3.504686569215282432e+00
1.127599999999989056e+00 3.507910038842926959e+00
1.128599999999988945e+00 3.511087773692174174e+00
1.129599999999988835e+00 3.514195700776664655e+00
1.130599999999988725e+00 3.517224260324138818e+00
1.131599999999988615e+00 3.520172371355348773e+00
1.132599999999988505e+00 3.523043257270916939e+00
1.133599999999988395e+00 3.525841947377295060e+00
1.134599999999988285e+00 3.528573851155754060e+00
1.135599999999988174e+00 3.531529343882318983e+00
1.136599999999988064e+00 3.533944900451352122e+00
1.137599999999987954e+00 3.536270581307921379e+00
1.138599999999987844e+00 3.538518818253569620e+00
1.139599999999987734e+00 3.540644367225611155e+00
1.140599999999987624e+00 3.542704538098787381e+00
1.141599999999987514e+00 3.544422889885946226e+00
1.142599999999987403e+00 3.546525914949000935e+00
1.143599999999987293e+00 3.548730618670230541e+00
1.144599999999987183e+00 3.550946734174700747e+00
1.145599999999987073e+00 3.553139018863106902e+00
1.146599999999986963e+00 3.556511318439367741e+00
1.147599999999986853e+00 3.560657328991147175e+00
1.148599999999986743e+00 3.564527088897432527e+00
1.149599999999986633e+00 3.569970907880849254e+00
1.150599999999986522e+00 3.573358199990404493e+00
1.151599999999986412e+00 3.579057355195369272e+00
1.152599999999986302e+00 3.580137480947893192e+00
1.153599999999986192e+00 3.581836218712737274e+00
1.154599999999986082e+00 3.582497105354993661e+00
1.155599999999985972e+00 3.583584808388832421e+00
1.156599999999985862e+00 3.584179119209359499e+00
1.157599999999985751e+00 3.584694784547787449e+00
1.158599999999985641e+00 3.585198142545163780e+00
1.159599999999985531e+00 3.585747314213263870e+00
1.160599999999985421e+00 3.586468800304578153e+00
1.161599999999985311e+00 3.587434089954294691e+00
1.162599999999985201e+00 3.588347509143977376e+00
1.163599999999985091e+00 3.589215914031702148e+00
1.164599999999984981e+00 3.589901096490804910e+00
1.165599999999984870e+00 3.590898889650774084e+00
1.166599999999984760e+00 3.591852218874755032e+00
1.167599999999984650e+00 3.592764191597297874e+00
1.168599999999984540e+00 3.593642734250360959e+00
1.169599999999984430e+00 3.594556384805942528e+00
1.170599999999984320e+00 3.595438732782876734e+00
1.171599999999984210e+00 3.596280071649964771e+00
1.172599999999984099e+00 3.597076784169078945e+00
1.173599999999983989e+00 3.597795298461016866e+00
1.174599999999983879e+00 3.598590453940127887e+00
1.175599999999983769e+00 3.599681408829368934e+00
1.176599999999983659e+00 3.600897033266570624e+00
1.177599999999983549e+00 3.602457817393934558e+00
1.178599999999983439e+00 3.604192478665475541e+00
1.179599999999983329e+00 3.616451412775037788e+00
1.180599999999983218e+00 3.621923224157955090e+00
1.181599999999983108e+00 3.626772020385145012e+00
1.182599999999982998e+00 3.631001791469140372e+00
1.183599999999982888e+00 3.635937789909457152e+00
1.184599999999982778e+00 3.640823129579554340e+00
1.185599999999982668e+00 3.645326408727283862e+00
1.186599999999982558e+00 3.649534279765535238e+00
1.187599999999982447e+00 3.653510702210948757e+00
1.188599999999982337e+00 3.657303263760637080e+00
1.189599999999982227e+00 3.660947879312501207e+00
1.190599999999982117e+00 3.664472081255283786e+00
1.191599999999982007e+00 3.667897296727340439e+00
1.192599999999981897e+00 3.671240434367655681e+00
1.193599999999981787e+00 3.674515005453517169e+00
1.194599999999981677e+00 3.677731929074576911e+00
1.195599999999981566e+00 3.679224528958392249e+00
1.196599999999981456e+00 3.681525001042415646e+00
1.197599999999981346e+00 3.683847047010750497e+00
1.198599999999981236e+00 3.686199214617451148e+00
1.199599999999981126e+00 3.688589787139946008e+00
1.200599999999981016e+00 3.691025258283791910e+00
1.201599999999980906e+00 3.693801143694197986e+00
1.202599999999980795e+00 3.697148446627265272e+00
1.203599999999980685e+00 3.700459477814947551e+00
1.204599999999980575e+00 3.703738793747032521e+00
1.205599999999980465e+00 3.706987702568047105e+00
1.206599999999980355e+00 3.710207089542903791e+00
1.207599999999980245e+00 3.713398552660974072e+00
1.208599999999980135e+00 3.716563964769255435e+00
1.209599999999980025e+00 3.719705539074110945e+00
1.210599999999979914e+00 3.722825765499581330e+00
1.211599999999979804e+00 3.725927295322136512e+00
1.212599999999979694e+00 3.729012820414816520e+00
1.213599999999979584e+00 3.732084970784761868e+00
1.214599999999979474e+00 3.735146239144564451e+00
1.215599999999979364e+00 3.738198932582244005e+00
1.216599999999979254e+00 3.741245147202776344e+00
1.217599999999979143e+00 3.744286760245931767e+00
1.218599999999979033e+00 3.747325434362434926e+00
1.219599999999978923e+00 3.750362629596268871e+00
1.220599999999978813e+00 3.753399619671896392e+00
1.221599999999978703e+00 3.756437510164645222e+00
1.222599999999978593e+00 3.759477256937898471e+00
1.223599999999978483e+00 3.761155972939758563e+00
1.224599999999978373e+00 3.764106000806645813e+00
1.225599999999978262e+00 3.767077810704969387e+00
1.226599999999978152e+00 3.770073761154481229e+00
1.227599999999978042e+00 3.773094925537291644e+00
1.228599999999977932e+00 3.776140989359574540e+00
1.229599999999977822e+00 3.779210118589831691e+00
1.230599999999977712e+00 3.782316916690638742e+00
1.231599999999977602e+00 3.785416762830925208e+00
1.232599999999977491e+00 3.788482105270165157e+00
1.233599999999977381e+00 3.791499510408728124e+00
1.234599999999977271e+00 3.794462043943747975e+00
1.235599999999977161e+00 3.797367804117104395e+00
1.236599999999977051e+00 3.800218623810598384e+00
1.237599999999976941e+00 3.803018925491562285e+00
1.238599999999976831e+00 3.805774745276646609e+00
1.239599999999976720e+00 3.808492941895587958e+00
1.240599999999976610e+00 3.811180592514831655e+00
1.241599999999976500e+00 3.813844562083439360e+00
1.242599999999976390e+00 3.816491221857488014e+00
1.243599999999976280e+00 3.819126269127534279e+00
1.244599999999976170e+00 3.821754408660733127e+00
1.245599999999976060e+00 3.824379445016792278e+00
1.246599999999975950e+00 3.827004531642745455e+00
1.247599999999975839e+00 3.829632717901859884e+00
1.248599999999975729e+00 3.832271043394947618e+00
1.249599999999975619e+00 3.834979243512154579e+00
1.250599999999975509e+00 3.837710866784465935e+00
1.251599999999975399e+00 3.840450363174706006e+00
1.252599999999975289e+00 3.843197956818798833e+00
1.253599999999975179e+00 3.845953697493002199e+00
1.254599999999975068e+00 3.848717544677364710e+00
1.255599999999974958e+00 3.851489365017887412e+00
1.256599999999974848e+00 3.854268936722023309e+00
1.257599999999974738e+00 3.857055973794451198e+00
1.258599999999974628e+00 3.859850145421741985e+00
1.259599999999974518e+00 3.862651091239469370e+00
1.260599999999974408e+00 3.865458433227885848e+00
1.261599999999974298e+00 3.868271784874694141e+00
1.262599999999974187e+00 3.871090758141686905e+00
1.263599999999974077e+00 3.873914968679919468e+00
1.264599999999973967e+00 3.876744039658290397e+00
1.265599999999973857e+00 3.879577604501665888e+00
1.266599999999973747e+00 3.882415308777789065e+00
1.267599999999973637e+00 3.885256811424528500e+00
1.268599999999973527e+00 3.888101785470394756e+00
1.269599999999973416e+00 3.890949918369578597e+00
1.270599999999973306e+00 3.893800912047361784e+00
1.271599999999973196e+00 3.896654482731188640e+00
1.272599999999973086e+00 3.899510360626365912e+00
1.273599999999972976e+00 3.902368289482269770e+00
1.274599999999972866e+00 3.905228026084615056e+00
1.275599999999972756e+00 3.908089339701010800e+00
1.276599999999972646e+00 3.910952011500703929e+00
1.277599999999972535e+00 3.913815833964158664e+00
1.278599999999972425e+00 3.916680610294254183e+00
1.279599999999972315e+00 3.919546153837589308e+00
1.280599999999972205e+00 3.922412287522166974e+00
1.281599999999972095e+00 3.925278843315566757e+00
1.282599999999971985e+00 3.928145661706548886e+00
1.283599999999971875e+00 3.931012591211665352e+00
1.284599999999971764e+00 3.933879487907808059e+00
1.285599999999971654e+00 3.936746214990847204e+00
1.286599999999971544e+00 3.939612642360102779e+00
1.287599999999971434e+00 3.942478646228084749e+00
1.288599999999971324e+00 3.945344108754634149e+00
1.289599999999971214e+00 3.948208917704437049e+00
1.290599999999971104e+00 3.951072966126833563e+00
1.291599999999970994e+00 3.953936152056763742e+00
1.292599999999970883e+00 3.956798378235580227e+00
1.293599999999970773e+00 3.959659551850641446e+00
1.294599999999970663e+00 3.962519584292401920e+00
1.295599999999970553e+00 3.965378390927941865e+00
1.296599999999970443e+00 3.968235890889489692e+00
1.297599999999970333e+00 3.971092001596486121e+00
1.298599999999970223e+00 3.973946625389987108e+00
1.299599999999970112e+00 3.976799664398045220e+00
1.300599999999970002e+00 3.979651024590862729e+00
1.301599999999969892e+00 3.982500615629642748e+00
1.302599999999969782e+00 3.985348350721426236e+00
1.303599999999969672e+00 3.988194146479941082e+00
1.304599999999969562e+00 3.991037922792457948e+00
1.305599999999969452e+00 3.993879602692559594e+00
1.306599999999969342e+00 3.996719112238695359e+00
1.307599999999969231e+00 3.999556380398418209e+00
1.308599999999969121e+00 4.002391338938034338e+00
1.309599999999969011e+00 4.005223922317578733e+00
1.310599999999968901e+00 4.008054067590840930e+00
1.311599999999968791e+00 4.010881714310232660e+00
1.312599999999968681e+00 4.013706804436348641e+00
1.313599999999968571e+00 4.016529282251910971e+00
1.314599999999968460e+00 4.019349094279971446e+00
1.315599999999968350e+00 4.022166189206097364e+00
1.316599999999968240e+00 4.024980517804381819e+00
1.317599999999968130e+00 4.027792032867060001e+00
1.318599999999968020e+00 4.030600689137545878e+00
1.319599999999967910e+00 4.033406443246695616e+00
1.320599999999967800e+00 4.036209253652140561e+00
1.321599999999967689e+00 4.039009080580486355e+00
1.322599999999967579e+00 4.041805885972276080e+00
1.323599999999967469e+00 4.044599633429501573e+00
1.324599999999967359e+00 4.047390288165551908e+00
1.325599999999967249e+00 4.050177816957428512e+00
1.326599999999967139e+00 4.052962188100187824e+00
1.327599999999967029e+00 4.055743371363303318e+00
1.328599999999966919e+00 4.058521337949090757e+00
1.329599999999966808e+00 4.061296060452797896e+00
1.330599999999966698e+00 4.064067512824505179e+00
1.331599999999966588e+00 4.066835670332550556e+00
1.332599999999966478e+00 4.069600509528534360e+00
1.333599999999966368e+00 4.072362008213693763e+00
1.334599999999966258e+00 4.075120145406629923e+00
1.335599999999966148e+00 4.077874901312342537e+00
1.336599999999966037e+00 4.080626257292370163e+00
1.337599999999965927e+00 4.083374195836134923e+00
1.338599999999965817e+00 4.086118700533293513e+00
1.339599999999965707e+00 4.088859756706241910e+00
